1	1	0.484900000000001	-0.52	0.743818627571338	-2.96	2	1
1	2	-2.7151	-0.52	0.743818627571338	-2.96	1	1
1	3	-0.315099999999999	0.48	0.743818627571338	-2.96	1	1
1	4	-0.4151	-0.52	0.743818627571338	-2.96	2	1
1	5	2.0849	-0.52	0.743818627571338	-2.96	3	1
1	6	0.2849	-0.52	0.743818627571338	-2.96	1	1
1	7	-1.50999999999994E-02	-0.52	0.743818627571338	-2.96	2	1
1	8	-2.2151	-0.52	0.743818627571338	-2.96	1	1
1	9	-1.1151	-0.52	0.743818627571338	-2.96	1	1
1	10	-2.3151	-0.52	0.743818627571338	-2.96	1	1
2	1	2.3849	-0.52	-0.115003145470552	0.04	2	1
2	2	1.1849	-0.52	-0.115003145470552	0.04	1	1
2	3	0.184900000000001	-0.52	-0.115003145470552	0.04	1	1
2	4	-0.515099999999999	0.48	-0.115003145470552	0.04	2	1
2	5	2.2849	-0.52	-0.115003145470552	0.04	1	1
2	6	-2.2151	-0.52	-0.115003145470552	0.04	1	1
2	7	-2.2151	0.48	-0.115003145470552	0.04	1	1
2	8	-1.3151	-0.52	-0.115003145470552	0.04	1	1
2	9	-0.4151	0.48	-0.115003145470552	0.04	2	1
2	10	0.5849	-0.52	-0.115003145470552	0.04	1	1
3	1	-0.315099999999999	0.48	0.121913205713418	-1.96	1	1
3	2	-0.2151	0.48	0.121913205713418	-1.96	3	1
3	3	0.7849	0.48	0.121913205713418	-1.96	3	1
3	4	0.3849	-0.52	0.121913205713418	-1.96	1	1
3	5	-1.2151	0.48	0.121913205713418	-1.96	2	1
3	6	8.49000000000002E-02	0.48	0.121913205713418	-1.96	3	1
3	7	-2.4151	0.48	0.121913205713418	-1.96	2	1
3	8	-1.1151	-0.52	0.121913205713418	-1.96	1	1
3	9	0.484900000000001	-0.52	0.121913205713418	-1.96	2	1
3	10	1.8849	-0.52	0.121913205713418	-1.96	3	1
4	1	1.0849	0.48	0.200885322774741	-1.96	3	1
4	2	-2.4151	-0.52	0.200885322774741	-1.96	3	1
4	3	-0.6151	0.48	0.200885322774741	-1.96	3	1
4	4	2.4849	0.48	0.200885322774741	-1.96	1	1
4	5	1.8849	-0.52	0.200885322774741	-1.96	2	1
4	6	0.5849	-0.52	0.200885322774741	-1.96	1	1
4	7	0.2849	0.48	0.200885322774741	-1.96	3	1
4	8	-1.1151	-0.52	0.200885322774741	-1.96	3	1
4	9	1.8849	0.48	0.200885322774741	-1.96	2	1
4	10	-0.515099999999999	-0.52	0.200885322774741	-1.96	3	1
5	1	-0.8151	0.48	1.68161251767455	-1.96	1	1
5	2	2.2849	-0.52	1.68161251767455	-1.96	1	1
5	3	0.684900000000001	-0.52	1.68161251767455	-1.96	1	1
5	4	8.49000000000002E-02	-0.52	1.68161251767455	-1.96	1	1
5	5	1.6849	0.48	1.68161251767455	-1.96	2	1
5	6	1.6849	0.48	1.68161251767455	-1.96	2	1
5	7	2.4849	-0.52	1.68161251767455	-1.96	1	1
5	8	-2.4151	-0.52	1.68161251767455	-1.96	1	1
5	9	-1.3151	0.48	1.68161251767455	-1.96	2	1
5	10	1.4849	0.48	1.68161251767455	-1.96	1	1
6	1	0.2849	0.48	1.59276888598056	0.04	1	1
6	2	-0.8151	0.48	1.59276888598056	0.04	1	1
6	3	-1.50999999999994E-02	0.48	1.59276888598056	0.04	1	1
6	4	0.984900000000001	-0.52	1.59276888598056	0.04	1	1
6	5	0.8849	-0.52	1.59276888598056	0.04	1	1
6	6	1.8849	-0.52	1.59276888598056	0.04	3	1
6	7	0.2849	0.48	1.59276888598056	0.04	1	1
6	8	1.5849	-0.52	1.59276888598056	0.04	2	1
6	9	0.3849	0.48	1.59276888598056	0.04	2	1
6	10	-2.1151	-0.52	1.59276888598056	0.04	2	1
7	1	-0.4151	0.48	0.161399264244079	2.04	1	1
7	2	1.2849	-0.52	0.161399264244079	2.04	1	1
7	3	-1.50999999999994E-02	0.48	0.161399264244079	2.04	1	1
7	4	-1.4151	-0.52	0.161399264244079	2.04	2	1
7	5	0.8849	-0.52	0.161399264244079	2.04	1	1
7	6	0.684900000000001	0.48	0.161399264244079	2.04	1	1
7	7	-1.1151	0.48	0.161399264244079	2.04	1	1
7	8	-2.5151	-0.52	0.161399264244079	2.04	1	1
7	9	1.1849	0.48	0.161399264244079	2.04	1	1
7	10	0.984900000000001	-0.52	0.161399264244079	2.04	1	1
8	1	0.2849	-0.52	-1.76354608912567	2.04	2	1
8	2	0.184900000000001	-0.52	-1.76354608912567	2.04	2	1
8	3	2.3849	-0.52	-1.76354608912567	2.04	1	1
8	4	2.2849	0.48	-1.76354608912567	2.04	1	1
8	5	-0.6151	0.48	-1.76354608912567	2.04	1	1
8	6	1.8849	-0.52	-1.76354608912567	2.04	2	1
8	7	-0.7151	0.48	-1.76354608912567	2.04	3	1
8	8	2.4849	-0.52	-1.76354608912567	2.04	1	1
8	9	-1.6151	0.48	-1.76354608912567	2.04	1	1
8	10	-2.4151	0.48	-1.76354608912567	2.04	1	1
9	1	2.4849	0.48	3.30695740194291E-02	2.04	3	1
9	2	1.2849	-0.52	3.30695740194291E-02	2.04	2	1
9	3	-1.3151	0.48	3.30695740194291E-02	2.04	1	1
9	4	-1.4151	0.48	3.30695740194291E-02	2.04	2	1
9	5	2.3849	0.48	3.30695740194291E-02	2.04	1	1
9	6	-0.7151	0.48	3.30695740194291E-02	2.04	2	1
9	7	-0.4151	0.48	3.30695740194291E-02	2.04	2	1
9	8	8.49000000000002E-02	0.48	3.30695740194291E-02	2.04	1	1
9	9	-1.2151	0.48	3.30695740194291E-02	2.04	1	1
9	10	-1.8151	-0.52	3.30695740194291E-02	2.04	1	1
10	1	-2.4151	0.48	0.161399264244079	-0.96	1	1
10	2	-1.5151	0.48	0.161399264244079	-0.96	3	1
10	3	0.484900000000001	0.48	0.161399264244079	-0.96	2	1
10	4	-2.4151	0.48	0.161399264244079	-0.96	1	1
10	5	-0.315099999999999	-0.52	0.161399264244079	-0.96	1	1
10	6	2.1849	0.48	0.161399264244079	-0.96	2	1
10	7	-0.6151	0.48	0.161399264244079	-0.96	3	1
10	8	-1.0151	0.48	0.161399264244079	-0.96	3	1
10	9	0.684900000000001	-0.52	0.161399264244079	-0.96	3	1
10	10	-2.0151	-0.52	0.161399264244079	-0.96	2	1
11	1	2.2849	-0.52	0.18114229350941	1.04	1	1
11	2	-1.2151	-0.52	0.18114229350941	1.04	1	1
11	3	1.6849	-0.52	0.18114229350941	1.04	1	1
11	4	-0.7151	0.48	0.18114229350941	1.04	1	1
11	5	1.9849	-0.52	0.18114229350941	1.04	1	1
11	6	1.2849	-0.52	0.18114229350941	1.04	1	1
11	7	0.684900000000001	-0.52	0.18114229350941	1.04	1	1
11	8	-0.315099999999999	0.48	0.18114229350941	1.04	1	1
11	9	0.5849	0.48	0.18114229350941	1.04	2	1
11	10	8.49000000000002E-02	-0.52	0.18114229350941	1.04	1	1
12	1	-0.4151	-0.52	0.990606493387973	-1.96	1	1
12	2	0.8849	-0.52	0.990606493387973	-1.96	1	1
12	3	0.184900000000001	0.48	0.990606493387973	-1.96	2	1
12	4	1.2849	-0.52	0.990606493387973	-1.96	2	1
12	5	1.9849	0.48	0.990606493387973	-1.96	3	1
12	6	2.3849	-0.52	0.990606493387973	-1.96	3	1
12	7	-1.50999999999994E-02	0.48	0.990606493387973	-1.96	2	1
12	8	-1.0151	-0.52	0.990606493387973	-1.96	1	1
12	9	2.1849	0.48	0.990606493387973	-1.96	3	1
12	10	-2.1151	-0.52	0.990606493387973	-1.96	1	1
13	1	0.3849	-0.52	-1.56611579647237	2.04	2	1
13	2	-1.7151	-0.52	-1.56611579647237	2.04	2	1
13	3	-1.6151	0.48	-1.56611579647237	2.04	2	1
13	4	2.4849	0.48	-1.56611579647237	2.04	3	1
13	5	-0.8151	-0.52	-1.56611579647237	2.04	2	1
13	6	-0.7151	0.48	-1.56611579647237	2.04	3	1
13	7	-2.4151	-0.52	-1.56611579647237	2.04	2	1
13	8	-2.4151	-0.52	-1.56611579647237	2.04	2	1
13	9	1.7849	0.48	-1.56611579647237	2.04	2	1
13	10	1.6849	0.48	-1.56611579647237	2.04	1	1
14	1	-0.515099999999999	0.48	0.704332569040676	-2.96	3	1
14	2	1.6849	0.48	0.704332569040676	-2.96	2	1
14	3	-2.3151	-0.52	0.704332569040676	-2.96	1	1
14	4	1.5849	-0.52	0.704332569040676	-2.96	1	1
14	5	0.984900000000001	-0.52	0.704332569040676	-2.96	1	1
14	6	1.7849	0.48	0.704332569040676	-2.96	2	1
14	7	0.684900000000001	0.48	0.704332569040676	-2.96	3	1
14	8	1.3849	-0.52	0.704332569040676	-2.96	2	1
14	9	-0.9151	-0.52	0.704332569040676	-2.96	2	1
14	10	-2.4151	-0.52	0.704332569040676	-2.96	1	1
15	1	1.3849	0.48	0.289728954468729	-1.96	3	1
15	2	2.2849	-0.52	0.289728954468729	-1.96	3	1
15	3	0.184900000000001	-0.52	0.289728954468729	-1.96	1	1
15	4	-2.0151	-0.52	0.289728954468729	-1.96	1	1
15	5	1.8849	0.48	0.289728954468729	-1.96	3	1
15	6	1.6849	-0.52	0.289728954468729	-1.96	3	1
15	7	-0.8151	-0.52	0.289728954468729	-1.96	1	1
15	8	2.0849	-0.52	0.289728954468729	-1.96	2	1
15	9	2.2849	0.48	0.289728954468729	-1.96	3	1
15	10	-1.3151	0.48	0.289728954468729	-1.96	2	1
16	1	-2.3151	0.48	1.61251191524589	0.04	1	1
16	2	-1.7151	0.48	1.61251191524589	0.04	1	1
16	3	-1.5151	-0.52	1.61251191524589	0.04	1	1
16	4	2.1849	-0.52	1.61251191524589	0.04	1	1
16	5	1.6849	0.48	1.61251191524589	0.04	1	1
16	6	0.184900000000001	-0.52	1.61251191524589	0.04	1	1
16	7	-1.5151	0.48	1.61251191524589	0.04	1	1
16	8	1.9849	-0.52	1.61251191524589	0.04	1	1
16	9	-0.6151	0.48	1.61251191524589	0.04	1	1
16	10	0.2849	0.48	1.61251191524589	0.04	1	1
17	1	1.4849	0.48	1.34598102016393	-0.96	2	1
17	2	2.1849	0.48	1.34598102016393	-0.96	3	1
17	3	-1.1151	-0.52	1.34598102016393	-0.96	2	1
17	4	0.484900000000001	-0.52	1.34598102016393	-0.96	1	1
17	5	2.2849	-0.52	1.34598102016393	-0.96	1	1
17	6	1.9849	0.48	1.34598102016393	-0.96	1	1
17	7	-1.1151	0.48	1.34598102016393	-0.96	3	1
17	8	0.7849	-0.52	1.34598102016393	-0.96	1	1
17	9	-2.7151	0.48	1.34598102016393	-0.96	2	1
17	10	-0.7151	0.48	1.34598102016393	-0.96	1	1
18	1	-1.3151	-0.52	-1.15151218190042	-1.96	1	1
18	2	-1.5151	0.48	-1.15151218190042	-1.96	2	1
18	3	1.7849	0.48	-1.15151218190042	-1.96	3	1
18	4	0.2849	-0.52	-1.15151218190042	-1.96	3	1
18	5	-2.2151	-0.52	-1.15151218190042	-1.96	1	1
18	6	1.2849	-0.52	-1.15151218190042	-1.96	3	1
18	7	1.6849	-0.52	-1.15151218190042	-1.96	2	1
18	8	0.184900000000001	0.48	-1.15151218190042	-1.96	2	1
18	9	-2.4151	0.48	-1.15151218190042	-1.96	1	1
18	10	-0.8151	-0.52	-1.15151218190042	-1.96	2	1
19	1	0.3849	-0.52	-0.884981286818453	-0.96	2	1
19	2	1.0849	-0.52	-0.884981286818453	-0.96	3	1
19	3	0.2849	-0.52	-0.884981286818453	-0.96	3	1
19	4	0.2849	-0.52	-0.884981286818453	-0.96	1	1
19	5	-1.0151	0.48	-0.884981286818453	-0.96	3	1
19	6	2.1849	-0.52	-0.884981286818453	-0.96	2	1
19	7	0.2849	-0.52	-0.884981286818453	-0.96	2	1
19	8	-2.3151	0.48	-0.884981286818453	-0.96	3	1
19	9	-0.6151	-0.52	-0.884981286818453	-0.96	1	1
19	10	-2.5151	-0.52	-0.884981286818453	-0.96	1	1
20	1	-2.6151	0.48	-0.727037052695807	2.04	2	1
20	2	0.5849	-0.52	-0.727037052695807	2.04	1	1
20	3	-2.6151	-0.52	-0.727037052695807	2.04	1	1
20	4	-1.0151	0.48	-0.727037052695807	2.04	2	1
20	5	1.8849	0.48	-0.727037052695807	2.04	1	1
20	6	-2.1151	0.48	-0.727037052695807	2.04	1	1
20	7	2.1849	-0.52	-0.727037052695807	2.04	1	1
20	8	-1.2151	-0.52	-0.727037052695807	2.04	1	1
20	9	1.6849	-0.52	-0.727037052695807	2.04	1	1
20	10	-1.1151	0.48	-0.727037052695807	2.04	1	1
21	1	2.3849	0.48	-0.164360718633879	3.04	3	1
21	2	-0.515099999999999	0.48	-0.164360718633879	3.04	2	1
21	3	-1.3151	0.48	-0.164360718633879	3.04	1	1
21	4	-2.3151	0.48	-0.164360718633879	3.04	1	1
21	5	-1.2151	0.48	-0.164360718633879	3.04	1	1
21	6	1.3849	-0.52	-0.164360718633879	3.04	1	1
21	7	-0.8151	-0.52	-0.164360718633879	3.04	1	1
21	8	0.684900000000001	-0.52	-0.164360718633879	3.04	1	1
21	9	-0.8151	0.48	-0.164360718633879	3.04	1	1
21	10	-1.4151	-0.52	-0.164360718633879	3.04	1	1
22	1	2.4849	0.48	0.714204083673342	-0.96	2	1
22	2	1.6849	-0.52	0.714204083673342	-0.96	2	1
22	3	-2.2151	0.48	0.714204083673342	-0.96	1	1
22	4	-0.9151	-0.52	0.714204083673342	-0.96	1	1
22	5	-2.5151	0.48	0.714204083673342	-0.96	1	1
22	6	0.684900000000001	-0.52	0.714204083673342	-0.96	1	1
22	7	-2.3151	-0.52	0.714204083673342	-0.96	1	1
22	8	1.1849	-0.52	0.714204083673342	-0.96	2	1
22	9	-2.3151	-0.52	0.714204083673342	-0.96	1	1
22	10	1.5849	0.48	0.714204083673342	-0.96	2	1
23	1	1.0849	0.48	-1.65495942816635	-0.96	3	1
23	2	1.6849	-0.52	-1.65495942816635	-0.96	2	1
23	3	-2.1151	0.48	-1.65495942816635	-0.96	3	1
23	4	2.4849	0.48	-1.65495942816635	-0.96	3	1
23	5	1.9849	-0.52	-1.65495942816635	-0.96	2	1
23	6	-1.0151	-0.52	-1.65495942816635	-0.96	1	1
23	7	-0.6151	-0.52	-1.65495942816635	-0.96	1	1
23	8	-1.7151	0.48	-1.65495942816635	-0.96	3	1
23	9	0.184900000000001	-0.52	-1.65495942816635	-0.96	3	1
23	10	1.8849	-0.52	-1.65495942816635	-0.96	3	1
24	1	-2.6151	0.48	0.112041691080752	-2.96	3	1
24	2	-2.2151	0.48	0.112041691080752	-2.96	1	1
24	3	-1.50999999999994E-02	-0.52	0.112041691080752	-2.96	2	1
24	4	2.1849	0.48	0.112041691080752	-2.96	2	1
24	5	-1.4151	0.48	0.112041691080752	-2.96	2	1
24	6	-0.4151	-0.52	0.112041691080752	-2.96	2	1
24	7	0.2849	0.48	0.112041691080752	-2.96	3	1
24	8	0.5849	-0.52	0.112041691080752	-2.96	1	1
24	9	-1.5151	-0.52	0.112041691080752	-2.96	1	1
24	10	0.684900000000001	0.48	0.112041691080752	-2.96	1	1
25	1	0.484900000000001	-0.52	-0.144617689368548	-1.96	1	1
25	2	0.8849	0.48	-0.144617689368548	-1.96	3	1
25	3	-2.3151	0.48	-0.144617689368548	-1.96	3	1
25	4	1.0849	-0.52	-0.144617689368548	-1.96	2	1
25	5	-0.315099999999999	-0.52	-0.144617689368548	-1.96	3	1
25	6	1.6849	0.48	-0.144617689368548	-1.96	1	1
25	7	2.4849	0.48	-0.144617689368548	-1.96	3	1
25	8	-0.9151	-0.52	-0.144617689368548	-1.96	2	1
25	9	-1.1151	-0.52	-0.144617689368548	-1.96	1	1
25	10	-0.6151	0.48	-0.144617689368548	-1.96	2	1
26	1	-0.2151	-0.52	-1.49701519404371	0.04	2	1
26	2	2.3849	-0.52	-1.49701519404371	0.04	3	1
26	3	0.3849	0.48	-1.49701519404371	0.04	2	1
26	4	8.49000000000002E-02	0.48	-1.49701519404371	0.04	1	1
26	5	-2.0151	-0.52	-1.49701519404371	0.04	1	1
26	6	1.1849	0.48	-1.49701519404371	0.04	3	1
26	7	1.6849	-0.52	-1.49701519404371	0.04	2	1
26	8	-2.1151	-0.52	-1.49701519404371	0.04	3	1
26	9	0.184900000000001	-0.52	-1.49701519404371	0.04	1	1
26	10	0.484900000000001	0.48	-1.49701519404371	0.04	2	1
27	1	-1.1151	-0.52	5.28126032847598E-02	0.04	2	1
27	2	2.2849	0.48	5.28126032847598E-02	0.04	2	1
27	3	-1.6151	0.48	5.28126032847598E-02	0.04	1	1
27	4	-0.515099999999999	0.48	5.28126032847598E-02	0.04	1	1
27	5	-0.8151	-0.52	5.28126032847598E-02	0.04	2	1
27	6	-0.7151	0.48	5.28126032847598E-02	0.04	2	1
27	7	-1.5151	0.48	5.28126032847598E-02	0.04	1	1
27	8	-1.1151	0.48	5.28126032847598E-02	0.04	2	1
27	9	-0.9151	0.48	5.28126032847598E-02	0.04	2	1
27	10	1.5849	-0.52	5.28126032847598E-02	0.04	2	1
28	1	-1.1151	0.48	0.161399264244079	0.04	1	1
28	2	1.7849	0.48	0.161399264244079	0.04	3	1
28	3	2.3849	0.48	0.161399264244079	0.04	2	1
28	4	-2.1151	-0.52	0.161399264244079	0.04	2	1
28	5	1.5849	-0.52	0.161399264244079	0.04	1	1
28	6	-1.0151	-0.52	0.161399264244079	0.04	1	1
28	7	2.1849	-0.52	0.161399264244079	0.04	1	1
28	8	0.2849	-0.52	0.161399264244079	0.04	2	1
28	9	0.684900000000001	0.48	0.161399264244079	0.04	1	1
28	10	2.2849	0.48	0.161399264244079	0.04	1	1
29	1	1.3849	0.48	-0.845495228287791	-0.96	3	1
29	2	0.5849	-0.52	-0.845495228287791	-0.96	3	1
29	3	-0.6151	0.48	-0.845495228287791	-0.96	2	1
29	4	2.2849	0.48	-0.845495228287791	-0.96	3	1
29	5	1.2849	0.48	-0.845495228287791	-0.96	3	1
29	6	0.8849	-0.52	-0.845495228287791	-0.96	1	1
29	7	-0.1151	0.48	-0.845495228287791	-0.96	3	1
29	8	-1.5151	-0.52	-0.845495228287791	-0.96	3	1
29	9	1.9849	-0.52	-0.845495228287791	-0.96	2	1
29	10	-0.4151	-0.52	-0.845495228287791	-0.96	2	1
30	1	2.0849	0.48	0.812919229999995	0.04	2	1
30	2	-1.5151	-0.52	0.812919229999995	0.04	2	1
30	3	-0.4151	0.48	0.812919229999995	0.04	2	1
30	4	0.984900000000001	0.48	0.812919229999995	0.04	2	1
30	5	-1.50999999999994E-02	-0.52	0.812919229999995	0.04	1	1
30	6	-2.0151	0.48	0.812919229999995	0.04	2	1
30	7	0.5849	0.48	0.812919229999995	0.04	3	1
30	8	-2.4151	-0.52	0.812919229999995	0.04	2	1
30	9	-1.2151	-0.52	0.812919229999995	0.04	2	1
30	10	-0.1151	-0.52	0.812919229999995	0.04	2	1
31	1	-1.7151	-0.52	-0.154489204001213	-0.96	1	1
31	2	-1.8151	0.48	-0.154489204001213	-0.96	2	1
31	3	-1.5151	0.48	-0.154489204001213	-0.96	1	1
31	4	2.4849	-0.52	-0.154489204001213	-0.96	2	1
31	5	1.7849	0.48	-0.154489204001213	-0.96	2	1
31	6	0.184900000000001	0.48	-0.154489204001213	-0.96	1	1
31	7	-1.50999999999994E-02	-0.52	-0.154489204001213	-0.96	2	1
31	8	0.684900000000001	0.48	-0.154489204001213	-0.96	1	1
31	9	-2.5151	-0.52	-0.154489204001213	-0.96	1	1
31	10	-2.0151	0.48	-0.154489204001213	-0.96	2	1
32	1	-0.7151	0.48	-1.20086975506375	-2.96	3	1
32	2	0.2849	0.48	-1.20086975506375	-2.96	3	1
32	3	1.1849	-0.52	-1.20086975506375	-2.96	2	1
32	4	2.0849	0.48	-1.20086975506375	-2.96	3	1
32	5	-0.8151	-0.52	-1.20086975506375	-2.96	1	1
32	6	1.9849	-0.52	-1.20086975506375	-2.96	2	1
32	7	-2.2151	0.48	-1.20086975506375	-2.96	3	1
32	8	-0.515099999999999	-0.52	-1.20086975506375	-2.96	3	1
32	9	-2.7151	0.48	-1.20086975506375	-2.96	3	1
32	10	-1.2151	-0.52	-1.20086975506375	-2.96	1	1
33	1	-2.1151	0.48	1.20777981530661	2.04	1	1
33	2	0.184900000000001	0.48	1.20777981530661	2.04	3	1
33	3	0.184900000000001	0.48	1.20777981530661	2.04	1	1
33	4	1.4849	-0.52	1.20777981530661	2.04	1	1
33	5	-2.1151	0.48	1.20777981530661	2.04	1	1
33	6	-1.50999999999994E-02	-0.52	1.20777981530661	2.04	1	1
33	7	-2.1151	0.48	1.20777981530661	2.04	1	1
33	8	-0.4151	-0.52	1.20777981530661	2.04	1	1
33	9	0.2849	-0.52	1.20777981530661	2.04	1	1
33	10	1.1849	0.48	1.20777981530661	2.04	1	1
34	1	0.3849	-0.52	0.121913205713418	-0.96	2	1
34	2	0.3849	-0.52	0.121913205713418	-0.96	1	1
34	3	0.8849	-0.52	0.121913205713418	-0.96	1	1
34	4	-1.6151	0.48	0.121913205713418	-0.96	1	1
34	5	2.1849	0.48	0.121913205713418	-0.96	3	1
34	6	0.184900000000001	0.48	0.121913205713418	-0.96	3	1
34	7	2.3849	0.48	0.121913205713418	-0.96	3	1
34	8	-1.50999999999994E-02	-0.52	0.121913205713418	-0.96	1	1
34	9	1.3849	-0.52	0.121913205713418	-0.96	2	1
34	10	-0.8151	-0.52	0.121913205713418	-0.96	3	1
35	1	0.184900000000001	0.48	0.615488937346688	2.04	1	1
35	2	-1.5151	-0.52	0.615488937346688	2.04	1	1
35	3	2.2849	0.48	0.615488937346688	2.04	1	1
35	4	0.3849	0.48	0.615488937346688	2.04	2	1
35	5	1.5849	-0.52	0.615488937346688	2.04	1	1
35	6	0.984900000000001	-0.52	0.615488937346688	2.04	1	1
35	7	0.5849	-0.52	0.615488937346688	2.04	1	1
35	8	1.0849	0.48	0.615488937346688	2.04	2	1
35	9	1.8849	0.48	0.615488937346688	2.04	1	1
35	10	2.4849	-0.52	0.615488937346688	2.04	1	1
36	1	-1.4151	-0.52	0.151527749611414	3.04	1	1
36	2	0.184900000000001	-0.52	0.151527749611414	3.04	1	1
36	3	-0.1151	0.48	0.151527749611414	3.04	2	1
36	4	2.1849	-0.52	0.151527749611414	3.04	1	1
36	5	-2.0151	0.48	0.151527749611414	3.04	1	1
36	6	2.4849	0.48	0.151527749611414	3.04	3	1
36	7	-0.8151	-0.52	0.151527749611414	3.04	1	1
36	8	8.49000000000002E-02	0.48	0.151527749611414	3.04	2	1
36	9	-1.5151	-0.52	0.151527749611414	3.04	1	1
36	10	-0.315099999999999	0.48	0.151527749611414	3.04	1	1
37	1	0.484900000000001	-0.52	0.970863464122642	1.04	1	1
37	2	0.8849	0.48	0.970863464122642	1.04	2	1
37	3	1.2849	0.48	0.970863464122642	1.04	3	1
37	4	1.1849	-0.52	0.970863464122642	1.04	2	1
37	5	2.4849	-0.52	0.970863464122642	1.04	2	1
37	6	-2.4151	0.48	0.970863464122642	1.04	1	1
37	7	1.2849	0.48	0.970863464122642	1.04	1	1
37	8	-2.4151	0.48	0.970863464122642	1.04	1	1
37	9	-1.8151	0.48	0.970863464122642	1.04	1	1
37	10	2.1849	-0.52	0.970863464122642	1.04	3	1
38	1	-0.2151	0.48	-1.28971338675773	1.04	3	1
38	2	1.7849	0.48	-1.28971338675773	1.04	1	1
38	3	0.184900000000001	0.48	-1.28971338675773	1.04	1	1
38	4	-1.4151	-0.52	-1.28971338675773	1.04	1	1
38	5	0.984900000000001	0.48	-1.28971338675773	1.04	3	1
38	6	0.184900000000001	0.48	-1.28971338675773	1.04	2	1
38	7	1.9849	-0.52	-1.28971338675773	1.04	1	1
38	8	-1.4151	0.48	-1.28971338675773	1.04	2	1
38	9	0.3849	0.48	-1.28971338675773	1.04	3	1
38	10	0.7849	0.48	-1.28971338675773	1.04	3	1
39	1	2.0849	-0.52	-1.48714367941104	1.04	1	1
39	2	0.484900000000001	0.48	-1.48714367941104	1.04	2	1
39	3	2.1849	0.48	-1.48714367941104	1.04	3	1
39	4	-1.2151	0.48	-1.48714367941104	1.04	2	1
39	5	-2.2151	0.48	-1.48714367941104	1.04	2	1
39	6	8.49000000000002E-02	-0.52	-1.48714367941104	1.04	1	1
39	7	-2.4151	-0.52	-1.48714367941104	1.04	1	1
39	8	2.1849	0.48	-1.48714367941104	1.04	2	1
39	9	-1.50999999999994E-02	-0.52	-1.48714367941104	1.04	2	1
39	10	-1.0151	0.48	-1.48714367941104	1.04	2	1
40	1	1.6849	-0.52	1.04983558118397	-1.96	2	1
40	2	2.2849	0.48	1.04983558118397	-1.96	2	1
40	3	-0.1151	-0.52	1.04983558118397	-1.96	1	1
40	4	1.5849	-0.52	1.04983558118397	-1.96	2	1
40	5	1.6849	0.48	1.04983558118397	-1.96	1	1
40	6	-1.0151	0.48	1.04983558118397	-1.96	2	1
40	7	0.184900000000001	0.48	1.04983558118397	-1.96	1	1
40	8	1.0849	0.48	1.04983558118397	-1.96	1	1
40	9	1.7849	-0.52	1.04983558118397	-1.96	2	1
40	10	0.184900000000001	0.48	1.04983558118397	-1.96	1	1
41	1	-0.6151	0.48	-0.124874660103217	3.04	1	1
41	2	-0.8151	0.48	-0.124874660103217	3.04	1	1
41	3	-0.515099999999999	-0.52	-0.124874660103217	3.04	1	1
41	4	-1.2151	0.48	-0.124874660103217	3.04	1	1
41	5	0.5849	-0.52	-0.124874660103217	3.04	1	1
41	6	1.0849	0.48	-0.124874660103217	3.04	1	1
41	7	-2.2151	-0.52	-0.124874660103217	3.04	1	1
41	8	0.8849	0.48	-0.124874660103217	3.04	1	1
41	9	-2.6151	0.48	-0.124874660103217	3.04	1	1
41	10	1.4849	0.48	-0.124874660103217	3.04	1	1
42	1	1.8849	0.48	-0.549349789307829	-0.96	3	1
42	2	-2.7151	0.48	-0.549349789307829	-0.96	2	1
42	3	-1.1151	-0.52	-0.549349789307829	-0.96	1	1
42	4	-1.5151	-0.52	-0.549349789307829	-0.96	1	1
42	5	-0.315099999999999	0.48	-0.549349789307829	-0.96	2	1
42	6	-1.6151	-0.52	-0.549349789307829	-0.96	2	1
42	7	0.984900000000001	-0.52	-0.549349789307829	-0.96	3	1
42	8	-2.0151	0.48	-0.549349789307829	-0.96	1	1
42	9	-2.7151	-0.52	-0.549349789307829	-0.96	1	1
42	10	-0.515099999999999	-0.52	-0.549349789307829	-0.96	2	1
43	1	1.6849	-0.52	-0.18410374789921	2.04	1	1
43	2	-0.515099999999999	-0.52	-0.18410374789921	2.04	1	1
43	3	-0.1151	0.48	-0.18410374789921	2.04	1	1
43	4	-2.5151	-0.52	-0.18410374789921	2.04	3	1
43	5	1.8849	-0.52	-0.18410374789921	2.04	2	1
43	6	1.9849	0.48	-0.18410374789921	2.04	1	1
43	7	1.0849	0.48	-0.18410374789921	2.04	3	1
43	8	1.6849	0.48	-0.18410374789921	2.04	2	1
43	9	1.4849	0.48	-0.18410374789921	2.04	3	1
43	10	2.3849	0.48	-0.18410374789921	2.04	1	1
44	1	1.9849	0.48	-0.559221303940495	2.04	1	1
44	2	0.5849	-0.52	-0.559221303940495	2.04	2	1
44	3	0.7849	0.48	-0.559221303940495	2.04	3	1
44	4	-1.3151	-0.52	-0.559221303940495	2.04	2	1
44	5	1.7849	0.48	-0.559221303940495	2.04	1	1
44	6	-1.3151	0.48	-0.559221303940495	2.04	2	1
44	7	-0.7151	0.48	-0.559221303940495	2.04	1	1
44	8	2.3849	-0.52	-0.559221303940495	2.04	1	1
44	9	-1.50999999999994E-02	-0.52	-0.559221303940495	2.04	1	1
44	10	-2.3151	-0.52	-0.559221303940495	2.04	1	1
45	1	-0.2151	0.48	-0.282818894225864	-0.96	3	1
45	2	-0.2151	-0.52	-0.282818894225864	-0.96	1	1
45	3	1.9849	-0.52	-0.282818894225864	-0.96	3	1
45	4	-1.50999999999994E-02	0.48	-0.282818894225864	-0.96	1	1
45	5	2.1849	-0.52	-0.282818894225864	-0.96	3	1
45	6	0.184900000000001	-0.52	-0.282818894225864	-0.96	1	1
45	7	2.4849	0.48	-0.282818894225864	-0.96	3	1
45	8	-2.1151	-0.52	-0.282818894225864	-0.96	1	1
45	9	-1.2151	-0.52	-0.282818894225864	-0.96	1	1
45	10	2.2849	-0.52	-0.282818894225864	-0.96	2	1
46	1	-1.8151	0.48	0.161399264244079	3.04	1	1
46	2	0.484900000000001	0.48	0.161399264244079	3.04	1	1
46	3	0.3849	0.48	0.161399264244079	3.04	2	1
46	4	-1.9151	-0.52	0.161399264244079	3.04	1	1
46	5	1.7849	0.48	0.161399264244079	3.04	1	1
46	6	-1.1151	-0.52	0.161399264244079	3.04	1	1
46	7	1.6849	-0.52	0.161399264244079	3.04	1	1
46	8	0.7849	-0.52	0.161399264244079	3.04	1	1
46	9	-0.9151	0.48	0.161399264244079	3.04	1	1
46	10	0.984900000000001	0.48	0.161399264244079	3.04	2	1
47	1	-0.9151	0.48	-0.973824918512441	-0.96	2	1
47	2	-2.3151	-0.52	-0.973824918512441	-0.96	1	1
47	3	1.6849	-0.52	-0.973824918512441	-0.96	1	1
47	4	-2.7151	0.48	-0.973824918512441	-0.96	3	1
47	5	1.4849	0.48	-0.973824918512441	-0.96	1	1
47	6	-1.9151	-0.52	-0.973824918512441	-0.96	2	1
47	7	0.484900000000001	-0.52	-0.973824918512441	-0.96	1	1
47	8	-0.4151	0.48	-0.973824918512441	-0.96	3	1
47	9	-1.5151	0.48	-0.973824918512441	-0.96	1	1
47	10	0.184900000000001	-0.52	-0.973824918512441	-0.96	1	1
48	1	-1.8151	0.48	-0.223589806429871	1.04	2	1
48	2	1.8849	0.48	-0.223589806429871	1.04	2	1
48	3	0.8849	-0.52	-0.223589806429871	1.04	1	1
48	4	8.49000000000002E-02	0.48	-0.223589806429871	1.04	1	1
48	5	1.3849	0.48	-0.223589806429871	1.04	3	1
48	6	0.3849	-0.52	-0.223589806429871	1.04	2	1
48	7	1.0849	-0.52	-0.223589806429871	1.04	1	1
48	8	-2.6151	-0.52	-0.223589806429871	1.04	1	1
48	9	-1.1151	0.48	-0.223589806429871	1.04	1	1
48	10	1.8849	-0.52	-0.223589806429871	1.04	3	1
49	1	-0.6151	0.48	-0.213718291797206	1.04	1	1
49	2	-0.4151	-0.52	-0.213718291797206	1.04	1	1
49	3	1.8849	0.48	-0.213718291797206	1.04	1	1
49	4	-1.2151	0.48	-0.213718291797206	1.04	2	1
49	5	-0.1151	0.48	-0.213718291797206	1.04	1	1
49	6	1.5849	-0.52	-0.213718291797206	1.04	1	1
49	7	0.484900000000001	0.48	-0.213718291797206	1.04	1	1
49	8	-0.4151	0.48	-0.213718291797206	1.04	1	1
49	9	0.684900000000001	0.48	-0.213718291797206	1.04	1	1
49	10	-1.0151	-0.52	-0.213718291797206	1.04	1	1
50	1	0.184900000000001	0.48	-0.460506157613841	2.04	1	1
50	2	-1.7151	-0.52	-0.460506157613841	2.04	1	1
50	3	1.8849	0.48	-0.460506157613841	2.04	1	1
50	4	-2.6151	0.48	-0.460506157613841	2.04	2	1
50	5	0.684900000000001	-0.52	-0.460506157613841	2.04	2	1
50	6	1.5849	-0.52	-0.460506157613841	2.04	2	1
50	7	0.184900000000001	-0.52	-0.460506157613841	2.04	1	1
50	8	0.5849	0.48	-0.460506157613841	2.04	1	1
50	9	-2.1151	0.48	-0.460506157613841	2.04	1	1
50	10	0.2849	-0.52	-0.460506157613841	2.04	1	1
51	1	-1.9151	-0.52	1.02022103728597	2.04	1	1
51	2	-0.6151	0.48	1.02022103728597	2.04	1	1
51	3	-0.4151	0.48	1.02022103728597	2.04	1	1
51	4	0.984900000000001	0.48	1.02022103728597	2.04	2	1
51	5	1.6849	-0.52	1.02022103728597	2.04	2	1
51	6	-1.4151	0.48	1.02022103728597	2.04	1	1
51	7	-1.9151	0.48	1.02022103728597	2.04	1	1
51	8	-1.5151	-0.52	1.02022103728597	2.04	1	1
51	9	-2.1151	0.48	1.02022103728597	2.04	1	1
51	10	-0.2151	-0.52	1.02022103728597	2.04	2	1
52	1	-0.7151	0.48	2.20480279320582	0.04	1	1
52	2	-1.7151	0.48	2.20480279320582	0.04	2	1
52	3	8.49000000000002E-02	0.48	2.20480279320582	0.04	3	1
52	4	-0.2151	0.48	2.20480279320582	0.04	1	1
52	5	1.2849	0.48	2.20480279320582	0.04	2	1
52	6	-2.1151	0.48	2.20480279320582	0.04	1	1
52	7	1.5849	-0.52	2.20480279320582	0.04	1	1
52	8	0.184900000000001	0.48	2.20480279320582	0.04	1	1
52	9	1.9849	0.48	2.20480279320582	0.04	2	1
52	10	-1.9151	0.48	2.20480279320582	0.04	1	1
53	1	-0.8151	-0.52	-0.93433885998178	-1.96	2	1
53	2	0.8849	0.48	-0.93433885998178	-1.96	2	1
53	3	-1.5151	-0.52	-0.93433885998178	-1.96	2	1
53	4	-1.2151	0.48	-0.93433885998178	-1.96	3	1
53	5	1.1849	0.48	-0.93433885998178	-1.96	3	1
53	6	1.6849	-0.52	-0.93433885998178	-1.96	1	1
53	7	-2.2151	-0.52	-0.93433885998178	-1.96	1	1
53	8	-0.9151	0.48	-0.93433885998178	-1.96	2	1
53	9	-2.1151	-0.52	-0.93433885998178	-1.96	1	1
53	10	1.8849	0.48	-0.93433885998178	-1.96	3	1
54	1	0.484900000000001	0.48	-1.22061278432908	2.04	2	1
54	2	-2.7151	-0.52	-1.22061278432908	2.04	1	1
54	3	-2.2151	0.48	-1.22061278432908	2.04	1	1
54	4	2.0849	0.48	-1.22061278432908	2.04	3	1
54	5	-1.50999999999994E-02	0.48	-1.22061278432908	2.04	2	1
54	6	-2.1151	-0.52	-1.22061278432908	2.04	1	1
54	7	1.7849	-0.52	-1.22061278432908	2.04	2	1
54	8	-0.2151	0.48	-1.22061278432908	2.04	1	1
54	9	1.4849	0.48	-1.22061278432908	2.04	2	1
54	10	1.7849	-0.52	-1.22061278432908	2.04	2	1
55	1	0.484900000000001	-0.52	-0.559221303940495	-1.96	2	1
55	2	1.3849	-0.52	-0.559221303940495	-1.96	2	1
55	3	1.8849	0.48	-0.559221303940495	-1.96	2	1
55	4	1.0849	-0.52	-0.559221303940495	-1.96	1	1
55	5	-2.2151	-0.52	-0.559221303940495	-1.96	2	1
55	6	-0.315099999999999	-0.52	-0.559221303940495	-1.96	1	1
55	7	1.9849	0.48	-0.559221303940495	-1.96	3	1
55	8	2.2849	0.48	-0.559221303940495	-1.96	3	1
55	9	2.1849	-0.52	-0.559221303940495	-1.96	3	1
55	10	0.5849	0.48	-0.559221303940495	-1.96	2	1
56	1	-2.5151	0.48	0.80304771536733	-1.96	3	1
56	2	2.2849	0.48	0.80304771536733	-1.96	3	1
56	3	1.2849	0.48	0.80304771536733	-1.96	1	1
56	4	0.184900000000001	-0.52	0.80304771536733	-1.96	2	1
56	5	1.8849	0.48	0.80304771536733	-1.96	2	1
56	6	1.0849	0.48	0.80304771536733	-1.96	2	1
56	7	0.8849	0.48	0.80304771536733	-1.96	2	1
56	8	-2.5151	0.48	0.80304771536733	-1.96	3	1
56	9	2.1849	-0.52	0.80304771536733	-1.96	2	1
56	10	1.6849	-0.52	0.80304771536733	-1.96	2	1
57	1	-0.1151	0.48	0.289728954468729	-0.96	2	1
57	2	-1.50999999999994E-02	-0.52	0.289728954468729	-0.96	1	1
57	3	1.4849	0.48	0.289728954468729	-0.96	1	1
57	4	-2.0151	-0.52	0.289728954468729	-0.96	1	1
57	5	0.484900000000001	0.48	0.289728954468729	-0.96	2	1
57	6	-1.4151	0.48	0.289728954468729	-0.96	2	1
57	7	1.0849	0.48	0.289728954468729	-0.96	1	1
57	8	-2.0151	0.48	0.289728954468729	-0.96	1	1
57	9	1.7849	0.48	0.289728954468729	-0.96	1	1
57	10	0.184900000000001	-0.52	0.289728954468729	-0.96	1	1
58	1	0.184900000000001	0.48	-2.47429514267758	0.04	1	1
58	2	0.2849	-0.52	-2.47429514267758	0.04	2	1
58	3	1.6849	0.48	-2.47429514267758	0.04	3	1
58	4	-1.5151	0.48	-2.47429514267758	0.04	2	1
58	5	-1.4151	-0.52	-2.47429514267758	0.04	2	1
58	6	-0.1151	0.48	-2.47429514267758	0.04	2	1
58	7	-2.6151	0.48	-2.47429514267758	0.04	3	1
58	8	-1.4151	0.48	-2.47429514267758	0.04	3	1
58	9	-0.6151	0.48	-2.47429514267758	0.04	2	1
58	10	1.3849	0.48	-2.47429514267758	0.04	1	1
59	1	0.7849	-0.52	0.506902276387368	2.04	1	1
59	2	-1.6151	0.48	0.506902276387368	2.04	1	1
59	3	-1.3151	0.48	0.506902276387368	2.04	3	1
59	4	-2.0151	-0.52	0.506902276387368	2.04	1	1
59	5	-0.4151	0.48	0.506902276387368	2.04	2	1
59	6	8.49000000000002E-02	0.48	0.506902276387368	2.04	2	1
59	7	2.4849	0.48	0.506902276387368	2.04	1	1
59	8	-0.315099999999999	-0.52	0.506902276387368	2.04	1	1
59	9	-0.315099999999999	-0.52	0.506902276387368	2.04	1	1
59	10	0.8849	0.48	0.506902276387368	2.04	2	1
60	1	0.984900000000001	-0.52	0.329215012999391	-1.96	3	1
60	2	8.49000000000002E-02	-0.52	0.329215012999391	-1.96	1	1
60	3	1.7849	-0.52	0.329215012999391	-1.96	1	1
60	4	1.0849	-0.52	0.329215012999391	-1.96	1	1
60	5	0.5849	0.48	0.329215012999391	-1.96	1	1
60	6	-0.7151	0.48	0.329215012999391	-1.96	3	1
60	7	-0.9151	-0.52	0.329215012999391	-1.96	1	1
60	8	-0.7151	0.48	0.329215012999391	-1.96	2	1
60	9	2.4849	-0.52	0.329215012999391	-1.96	2	1
60	10	-2.3151	0.48	0.329215012999391	-1.96	1	1
61	1	0.5849	-0.52	-1.20086975506375	-0.96	3	1
61	2	2.2849	-0.52	-1.20086975506375	-0.96	3	1
61	3	8.49000000000002E-02	0.48	-1.20086975506375	-0.96	3	1
61	4	0.5849	-0.52	-1.20086975506375	-0.96	2	1
61	5	8.49000000000002E-02	0.48	-1.20086975506375	-0.96	3	1
61	6	2.0849	0.48	-1.20086975506375	-0.96	3	1
61	7	1.4849	-0.52	-1.20086975506375	-0.96	3	1
61	8	0.684900000000001	-0.52	-1.20086975506375	-0.96	2	1
61	9	1.2849	0.48	-1.20086975506375	-0.96	2	1
61	10	-2.6151	-0.52	-1.20086975506375	-0.96	3	1
62	1	-0.7151	0.48	-1.11202612336976	0.04	2	1
62	2	2.4849	-0.52	-1.11202612336976	0.04	2	1
62	3	1.5849	0.48	-1.11202612336976	0.04	1	1
62	4	-0.515099999999999	0.48	-1.11202612336976	0.04	2	1
62	5	-1.0151	0.48	-1.11202612336976	0.04	2	1
62	6	-1.3151	-0.52	-1.11202612336976	0.04	1	1
62	7	-1.0151	0.48	-1.11202612336976	0.04	3	1
62	8	-2.0151	0.48	-1.11202612336976	0.04	1	1
62	9	-0.315099999999999	-0.52	-1.11202612336976	0.04	3	1
62	10	-1.1151	0.48	-1.11202612336976	0.04	1	1
63	1	-1.4151	-0.52	0.941248920224646	-2.96	1	1
63	2	-1.8151	0.48	0.941248920224646	-2.96	2	1
63	3	-1.5151	-0.52	0.941248920224646	-2.96	1	1
63	4	-1.4151	0.48	0.941248920224646	-2.96	2	1
63	5	1.0849	-0.52	0.941248920224646	-2.96	1	1
63	6	1.6849	0.48	0.941248920224646	-2.96	3	1
63	7	-0.1151	0.48	0.941248920224646	-2.96	2	1
63	8	1.1849	0.48	0.941248920224646	-2.96	2	1
63	9	0.7849	0.48	0.941248920224646	-2.96	2	1
63	10	2.4849	-0.52	0.941248920224646	-2.96	3	1
64	1	-0.1151	0.48	-1.89187577935032	-0.96	3	1
64	2	-2.6151	0.48	-1.89187577935032	-0.96	2	1
64	3	0.984900000000001	-0.52	-1.89187577935032	-0.96	2	1
64	4	-0.315099999999999	0.48	-1.89187577935032	-0.96	2	1
64	5	-0.6151	0.48	-1.89187577935032	-0.96	2	1
64	6	-1.8151	-0.52	-1.89187577935032	-0.96	1	1
64	7	0.7849	0.48	-1.89187577935032	-0.96	3	1
64	8	-2.0151	-0.52	-1.89187577935032	-0.96	1	1
64	9	1.0849	-0.52	-1.89187577935032	-0.96	2	1
64	10	0.484900000000001	-0.52	-1.89187577935032	-0.96	1	1
65	1	2.3849	-0.52	-0.628321906369153	3.04	3	1
65	2	1.7849	0.48	-0.628321906369153	3.04	2	1
65	3	1.7849	-0.52	-0.628321906369153	3.04	3	1
65	4	0.184900000000001	0.48	-0.628321906369153	3.04	1	1
65	5	1.9849	0.48	-0.628321906369153	3.04	2	1
65	6	0.984900000000001	0.48	-0.628321906369153	3.04	1	1
65	7	-0.4151	-0.52	-0.628321906369153	3.04	1	1
65	8	-0.4151	0.48	-0.628321906369153	3.04	1	1
65	9	1.2849	-0.52	-0.628321906369153	3.04	2	1
65	10	-0.7151	0.48	-0.628321906369153	3.04	1	1
66	1	2.3849	-0.52	0.497030761754703	0.04	2	1
66	2	-0.1151	0.48	0.497030761754703	0.04	1	1
66	3	2.1849	0.48	0.497030761754703	0.04	2	1
66	4	-0.6151	-0.52	0.497030761754703	0.04	1	1
66	5	-2.5151	-0.52	0.497030761754703	0.04	1	1
66	6	-2.3151	-0.52	0.497030761754703	0.04	1	1
66	7	-1.9151	0.48	0.497030761754703	0.04	2	1
66	8	1.7849	0.48	0.497030761754703	0.04	2	1
66	9	-0.2151	-0.52	0.497030761754703	0.04	1	1
66	10	0.484900000000001	0.48	0.497030761754703	0.04	3	1
67	1	-0.515099999999999	0.48	-4.59025430418941E-02	1.04	3	1
67	2	-1.50999999999994E-02	0.48	-4.59025430418941E-02	1.04	3	1
67	3	0.8849	0.48	-4.59025430418941E-02	1.04	2	1
67	4	1.5849	-0.52	-4.59025430418941E-02	1.04	2	1
67	5	-0.1151	0.48	-4.59025430418941E-02	1.04	1	1
67	6	-0.315099999999999	-0.52	-4.59025430418941E-02	1.04	1	1
67	7	-1.4151	-0.52	-4.59025430418941E-02	1.04	2	1
67	8	-2.0151	0.48	-4.59025430418941E-02	1.04	1	1
67	9	0.684900000000001	0.48	-4.59025430418941E-02	1.04	1	1
67	10	1.9849	0.48	-4.59025430418941E-02	1.04	1	1
68	1	-1.4151	0.48	-1.27984187212507	0.04	1	1
68	2	-2.6151	-0.52	-1.27984187212507	0.04	1	1
68	3	0.484900000000001	0.48	-1.27984187212507	0.04	1	1
68	4	-1.8151	0.48	-1.27984187212507	0.04	1	1
68	5	1.7849	-0.52	-1.27984187212507	0.04	3	1
68	6	-1.9151	-0.52	-1.27984187212507	0.04	1	1
68	7	1.3849	0.48	-1.27984187212507	0.04	3	1
68	8	0.7849	0.48	-1.27984187212507	0.04	2	1
68	9	-1.0151	0.48	-1.27984187212507	0.04	1	1
68	10	-0.2151	-0.52	-1.27984187212507	0.04	2	1
69	1	0.184900000000001	-0.52	-1.18112672579841	1.04	1	1
69	2	2.1849	0.48	-1.18112672579841	1.04	2	1
69	3	0.2849	-0.52	-1.18112672579841	1.04	1	1
69	4	1.1849	-0.52	-1.18112672579841	1.04	2	1
69	5	-2.1151	0.48	-1.18112672579841	1.04	2	1
69	6	0.3849	-0.52	-1.18112672579841	1.04	3	1
69	7	-1.2151	0.48	-1.18112672579841	1.04	1	1
69	8	1.4849	0.48	-1.18112672579841	1.04	2	1
69	9	0.484900000000001	0.48	-1.18112672579841	1.04	3	1
69	10	-0.6151	0.48	-1.18112672579841	1.04	2	1
70	1	-1.3151	0.48	1.94814341275652	-1.96	3	1
70	2	0.184900000000001	0.48	1.94814341275652	-1.96	1	1
70	3	0.5849	-0.52	1.94814341275652	-1.96	1	1
70	4	0.8849	0.48	1.94814341275652	-1.96	3	1
70	5	2.0849	-0.52	1.94814341275652	-1.96	3	1
70	6	-2.1151	-0.52	1.94814341275652	-1.96	1	1
70	7	-1.3151	0.48	1.94814341275652	-1.96	2	1
70	8	-0.8151	0.48	1.94814341275652	-1.96	1	1
70	9	0.484900000000001	0.48	1.94814341275652	-1.96	3	1
70	10	0.2849	0.48	1.94814341275652	-1.96	2	1
71	1	-1.50999999999994E-02	0.48	-1.842518206187	2.04	2	1
71	2	-0.2151	-0.52	-1.842518206187	2.04	2	1
71	3	2.1849	0.48	-1.842518206187	2.04	2	1
71	4	-2.3151	0.48	-1.842518206187	2.04	2	1
71	5	-1.8151	-0.52	-1.842518206187	2.04	2	1
71	6	-1.1151	0.48	-1.842518206187	2.04	3	1
71	7	1.5849	0.48	-1.842518206187	2.04	2	1
71	8	1.2849	-0.52	-1.842518206187	2.04	2	1
71	9	1.1849	-0.52	-1.842518206187	2.04	1	1
71	10	-0.315099999999999	-0.52	-1.842518206187	2.04	1	1
72	1	1.2849	-0.52	0.279857439836064	-1.96	1	1
72	2	-1.3151	0.48	0.279857439836064	-1.96	2	1
72	3	-0.8151	-0.52	0.279857439836064	-1.96	1	1
72	4	-0.6151	0.48	0.279857439836064	-1.96	2	1
72	5	0.5849	-0.52	0.279857439836064	-1.96	1	1
72	6	0.5849	-0.52	0.279857439836064	-1.96	2	1
72	7	1.0849	-0.52	0.279857439836064	-1.96	1	1
72	8	-1.50999999999994E-02	0.48	0.279857439836064	-1.96	2	1
72	9	1.2849	-0.52	0.279857439836064	-1.96	2	1
72	10	-0.4151	0.48	0.279857439836064	-1.96	3	1
73	1	1.1849	-0.52	-0.608578877103822	2.04	1	1
73	2	-1.7151	-0.52	-0.608578877103822	2.04	1	1
73	3	1.3849	-0.52	-0.608578877103822	2.04	1	1
73	4	-2.0151	-0.52	-0.608578877103822	2.04	2	1
73	5	2.4849	-0.52	-0.608578877103822	2.04	1	1
73	6	-1.2151	-0.52	-0.608578877103822	2.04	2	1
73	7	2.0849	-0.52	-0.608578877103822	2.04	2	1
73	8	-0.515099999999999	-0.52	-0.608578877103822	2.04	1	1
73	9	-2.3151	-0.52	-0.608578877103822	2.04	2	1
73	10	8.49000000000002E-02	0.48	-0.608578877103822	2.04	1	1
74	1	2.4849	0.48	-7.55170869398903E-02	-1.96	3	1
74	2	-1.0151	0.48	-7.55170869398903E-02	-1.96	3	1
74	3	-2.5151	-0.52	-7.55170869398903E-02	-1.96	1	1
74	4	1.3849	-0.52	-7.55170869398903E-02	-1.96	2	1
74	5	-1.8151	0.48	-7.55170869398903E-02	-1.96	3	1
74	6	2.4849	-0.52	-7.55170869398903E-02	-1.96	2	1
74	7	1.4849	-0.52	-7.55170869398903E-02	-1.96	1	1
74	8	-2.1151	0.48	-7.55170869398903E-02	-1.96	2	1
74	9	-2.4151	0.48	-7.55170869398903E-02	-1.96	2	1
74	10	-0.4151	0.48	-7.55170869398903E-02	-1.96	2	1
75	1	0.3849	0.48	1.22752284457194	0.04	2	1
75	2	-1.0151	0.48	1.22752284457194	0.04	1	1
75	3	2.0849	0.48	1.22752284457194	0.04	2	1
75	4	-1.8151	0.48	1.22752284457194	0.04	1	1
75	5	0.484900000000001	-0.52	1.22752284457194	0.04	1	1
75	6	-0.9151	0.48	1.22752284457194	0.04	1	1
75	7	-0.8151	0.48	1.22752284457194	0.04	2	1
75	8	1.1849	0.48	1.22752284457194	0.04	1	1
75	9	-0.4151	-0.52	1.22752284457194	0.04	1	1
75	10	-0.515099999999999	-0.52	1.22752284457194	0.04	1	1
76	1	0.8849	-0.52	-1.0133109770431	2.04	1	1
76	2	-1.7151	-0.52	-1.0133109770431	2.04	1	1
76	3	-0.315099999999999	-0.52	-1.0133109770431	2.04	3	1
76	4	-1.2151	0.48	-1.0133109770431	2.04	1	1
76	5	-2.3151	-0.52	-1.0133109770431	2.04	3	1
76	6	1.3849	0.48	-1.0133109770431	2.04	3	1
76	7	0.984900000000001	0.48	-1.0133109770431	2.04	3	1
76	8	-0.515099999999999	-0.52	-1.0133109770431	2.04	1	1
76	9	2.1849	-0.52	-1.0133109770431	2.04	3	1
76	10	1.7849	0.48	-1.0133109770431	2.04	2	1
77	1	-0.6151	-0.52	0.319343498366726	3.04	1	1
77	2	-0.7151	0.48	0.319343498366726	3.04	1	1
77	3	-0.7151	-0.52	0.319343498366726	3.04	1	1
77	4	-1.8151	0.48	0.319343498366726	3.04	1	1
77	5	1.9849	-0.52	0.319343498366726	3.04	1	1
77	6	-0.8151	-0.52	0.319343498366726	3.04	1	1
77	7	2.4849	-0.52	0.319343498366726	3.04	1	1
77	8	0.3849	-0.52	0.319343498366726	3.04	1	1
77	9	-2.4151	-0.52	0.319343498366726	3.04	1	1
77	10	-1.7151	-0.52	0.319343498366726	3.04	1	1
78	1	-2.7151	-0.52	0.733947112938672	3.04	1	1
78	2	-1.2151	-0.52	0.733947112938672	3.04	1	1
78	3	0.7849	0.48	0.733947112938672	3.04	2	1
78	4	0.7849	0.48	0.733947112938672	3.04	2	1
78	5	-2.1151	0.48	0.733947112938672	3.04	1	1
78	6	1.5849	0.48	0.733947112938672	3.04	1	1
78	7	2.0849	0.48	0.733947112938672	3.04	2	1
78	8	-0.7151	0.48	0.733947112938672	3.04	3	1
78	9	-1.0151	0.48	0.733947112938672	3.04	1	1
78	10	-0.2151	-0.52	0.733947112938672	3.04	1	1
79	1	-2.0151	0.48	1.8099422078992	-1.96	1	1
79	2	-2.5151	-0.52	1.8099422078992	-1.96	1	1
79	3	2.3849	0.48	1.8099422078992	-1.96	2	1
79	4	1.9849	0.48	1.8099422078992	-1.96	3	1
79	5	-0.7151	-0.52	1.8099422078992	-1.96	1	1
79	6	0.7849	-0.52	1.8099422078992	-1.96	2	1
79	7	-2.2151	-0.52	1.8099422078992	-1.96	1	1
79	8	-1.5151	0.48	1.8099422078992	-1.96	1	1
79	9	0.3849	-0.52	1.8099422078992	-1.96	1	1
79	10	0.484900000000001	-0.52	1.8099422078992	-1.96	2	1
80	1	-2.5151	-0.52	-0.904724316083784	1.04	1	1
80	2	-0.7151	0.48	-0.904724316083784	1.04	2	1
80	3	-0.315099999999999	-0.52	-0.904724316083784	1.04	3	1
80	4	2.1849	-0.52	-0.904724316083784	1.04	1	1
80	5	0.184900000000001	0.48	-0.904724316083784	1.04	2	1
80	6	0.984900000000001	0.48	-0.904724316083784	1.04	2	1
80	7	0.7849	0.48	-0.904724316083784	1.04	2	1
80	8	-1.5151	-0.52	-0.904724316083784	1.04	1	1
80	9	1.9849	-0.52	-0.904724316083784	1.04	1	1
80	10	-0.515099999999999	-0.52	-0.904724316083784	1.04	1	1
81	1	-1.4151	-0.52	0.250242895938068	-1.96	1	1
81	2	0.5849	-0.52	0.250242895938068	-1.96	1	1
81	3	2.2849	0.48	0.250242895938068	-1.96	3	1
81	4	-0.7151	-0.52	0.250242895938068	-1.96	2	1
81	5	1.6849	0.48	0.250242895938068	-1.96	2	1
81	6	1.0849	-0.52	0.250242895938068	-1.96	2	1
81	7	-0.2151	0.48	0.250242895938068	-1.96	1	1
81	8	1.0849	-0.52	0.250242895938068	-1.96	1	1
81	9	-1.4151	-0.52	0.250242895938068	-1.96	1	1
81	10	1.2849	0.48	0.250242895938068	-1.96	3	1
82	1	8.49000000000002E-02	-0.52	0.664846510510015	1.04	1	1
82	2	1.1849	0.48	0.664846510510015	1.04	1	1
82	3	0.3849	0.48	0.664846510510015	1.04	1	1
82	4	-0.2151	-0.52	0.664846510510015	1.04	1	1
82	5	-2.0151	-0.52	0.664846510510015	1.04	2	1
82	6	2.0849	0.48	0.664846510510015	1.04	1	1
82	7	1.9849	-0.52	0.664846510510015	1.04	1	1
82	8	-1.9151	-0.52	0.664846510510015	1.04	1	1
82	9	-0.6151	-0.52	0.664846510510015	1.04	1	1
82	10	-2.1151	0.48	0.664846510510015	1.04	1	1
83	1	0.684900000000001	-0.52	0.704332569040676	-1.96	2	1
83	2	2.2849	-0.52	0.704332569040676	-1.96	3	1
83	3	-1.8151	0.48	0.704332569040676	-1.96	1	1
83	4	0.3849	0.48	0.704332569040676	-1.96	3	1
83	5	-1.9151	-0.52	0.704332569040676	-1.96	1	1
83	6	-0.515099999999999	-0.52	0.704332569040676	-1.96	3	1
83	7	1.2849	-0.52	0.704332569040676	-1.96	1	1
83	8	-0.2151	0.48	0.704332569040676	-1.96	3	1
83	9	1.4849	0.48	0.704332569040676	-1.96	3	1
83	10	0.3849	0.48	0.704332569040676	-1.96	3	1
84	1	-0.6151	-0.52	1.85929978106253	-1.96	1	1
84	2	1.5849	-0.52	1.85929978106253	-1.96	2	1
84	3	-2.5151	0.48	1.85929978106253	-1.96	1	1
84	4	0.2849	-0.52	1.85929978106253	-1.96	1	1
84	5	0.2849	-0.52	1.85929978106253	-1.96	1	1
84	6	-1.0151	-0.52	1.85929978106253	-1.96	1	1
84	7	-1.6151	0.48	1.85929978106253	-1.96	1	1
84	8	-1.50999999999994E-02	0.48	1.85929978106253	-1.96	1	1
84	9	-2.6151	-0.52	1.85929978106253	-1.96	1	1
84	10	1.3849	-0.52	1.85929978106253	-1.96	1	1
85	1	0.8849	0.48	0.319343498366726	-0.96	3	1
85	2	2.0849	-0.52	0.319343498366726	-0.96	2	1
85	3	-1.9151	-0.52	0.319343498366726	-0.96	1	1
85	4	1.9849	-0.52	0.319343498366726	-0.96	2	1
85	5	-1.9151	-0.52	0.319343498366726	-0.96	1	1
85	6	0.2849	-0.52	0.319343498366726	-0.96	1	1
85	7	-0.4151	0.48	0.319343498366726	-0.96	3	1
85	8	0.684900000000001	0.48	0.319343498366726	-0.96	3	1
85	9	-1.1151	-0.52	0.319343498366726	-0.96	1	1
85	10	-2.0151	-0.52	0.319343498366726	-0.96	1	1
86	1	-1.7151	0.48	1.7803276640012	2.04	1	1
86	2	1.1849	0.48	1.7803276640012	2.04	3	1
86	3	1.9849	0.48	1.7803276640012	2.04	2	1
86	4	-0.315099999999999	0.48	1.7803276640012	2.04	1	1
86	5	-1.4151	0.48	1.7803276640012	2.04	1	1
86	6	-0.6151	-0.52	1.7803276640012	2.04	1	1
86	7	8.49000000000002E-02	0.48	1.7803276640012	2.04	1	1
86	8	-2.4151	0.48	1.7803276640012	2.04	1	1
86	9	-2.1151	0.48	1.7803276640012	2.04	1	1
86	10	-0.315099999999999	-0.52	1.7803276640012	2.04	1	1
87	1	-0.6151	-0.52	1.54341131281723	1.04	1	1
87	2	-1.5151	-0.52	1.54341131281723	1.04	1	1
87	3	0.5849	-0.52	1.54341131281723	1.04	1	1
87	4	-1.2151	0.48	1.54341131281723	1.04	1	1
87	5	-2.6151	0.48	1.54341131281723	1.04	1	1
87	6	-0.1151	-0.52	1.54341131281723	1.04	1	1
87	7	2.2849	-0.52	1.54341131281723	1.04	1	1
87	8	-0.9151	-0.52	1.54341131281723	1.04	1	1
87	9	-1.50999999999994E-02	0.48	1.54341131281723	1.04	1	1
87	10	1.1849	0.48	1.54341131281723	1.04	1	1
88	1	0.984900000000001	-0.52	-0.519735245409833	-0.96	3	1
88	2	1.6849	-0.52	-0.519735245409833	-0.96	2	1
88	3	-0.2151	-0.52	-0.519735245409833	-0.96	2	1
88	4	-0.7151	-0.52	-0.519735245409833	-0.96	1	1
88	5	-2.6151	-0.52	-0.519735245409833	-0.96	2	1
88	6	-2.1151	0.48	-0.519735245409833	-0.96	1	1
88	7	1.7849	0.48	-0.519735245409833	-0.96	3	1
88	8	1.1849	0.48	-0.519735245409833	-0.96	3	1
88	9	-1.6151	0.48	-0.519735245409833	-0.96	2	1
88	10	-0.7151	0.48	-0.519735245409833	-0.96	1	1
89	1	1.8849	-0.52	-0.855366742920457	0.04	2	1
89	2	1.6849	0.48	-0.855366742920457	0.04	1	1
89	3	-0.9151	0.48	-0.855366742920457	0.04	1	1
89	4	8.49000000000002E-02	0.48	-0.855366742920457	0.04	1	1
89	5	-1.5151	0.48	-0.855366742920457	0.04	2	1
89	6	-0.6151	-0.52	-0.855366742920457	0.04	1	1
89	7	-1.5151	0.48	-0.855366742920457	0.04	1	1
89	8	0.2849	0.48	-0.855366742920457	0.04	2	1
89	9	2.0849	0.48	-0.855366742920457	0.04	2	1
89	10	0.5849	-0.52	-0.855366742920457	0.04	2	1
90	1	-1.8151	-0.52	0.398315615428049	1.04	1	1
90	2	0.2849	0.48	0.398315615428049	1.04	2	1
90	3	0.5849	-0.52	0.398315615428049	1.04	1	1
90	4	0.8849	0.48	0.398315615428049	1.04	1	1
90	5	2.2849	-0.52	0.398315615428049	1.04	1	1
90	6	1.4849	0.48	0.398315615428049	1.04	2	1
90	7	-2.1151	-0.52	0.398315615428049	1.04	1	1
90	8	0.7849	0.48	0.398315615428049	1.04	1	1
90	9	-1.50999999999994E-02	0.48	0.398315615428049	1.04	2	1
90	10	0.184900000000001	0.48	0.398315615428049	1.04	2	1
91	1	-0.2151	0.48	-0.529606760042499	-0.96	1	1
91	2	-2.3151	-0.52	-0.529606760042499	-0.96	1	1
91	3	-0.6151	-0.52	-0.529606760042499	-0.96	2	1
91	4	0.3849	0.48	-0.529606760042499	-0.96	3	1
91	5	-2.0151	-0.52	-0.529606760042499	-0.96	1	1
91	6	2.4849	0.48	-0.529606760042499	-0.96	3	1
91	7	0.984900000000001	-0.52	-0.529606760042499	-0.96	1	1
91	8	1.5849	-0.52	-0.529606760042499	-0.96	2	1
91	9	-1.9151	-0.52	-0.529606760042499	-0.96	1	1
91	10	-2.7151	-0.52	-0.529606760042499	-0.96	2	1
92	1	1.5849	-0.52	-1.812903662289	-1.96	3	1
92	2	1.3849	0.48	-1.812903662289	-1.96	3	1
92	3	0.984900000000001	-0.52	-1.812903662289	-1.96	2	1
92	4	-2.3151	-0.52	-1.812903662289	-1.96	1	1
92	5	-0.4151	-0.52	-1.812903662289	-1.96	2	1
92	6	1.4849	-0.52	-1.812903662289	-1.96	3	1
92	7	-1.0151	-0.52	-1.812903662289	-1.96	3	1
92	8	0.484900000000001	-0.52	-1.812903662289	-1.96	3	1
92	9	2.2849	-0.52	-1.812903662289	-1.96	3	1
92	10	-0.4151	-0.52	-1.812903662289	-1.96	2	1
93	1	1.8849	-0.52	-0.233461321062537	2.04	3	1
93	2	0.984900000000001	0.48	-0.233461321062537	2.04	2	1
93	3	-1.8151	-0.52	-0.233461321062537	2.04	1	1
93	4	-1.6151	0.48	-0.233461321062537	2.04	1	1
93	5	-0.2151	0.48	-0.233461321062537	2.04	1	1
93	6	-0.9151	0.48	-0.233461321062537	2.04	1	1
93	7	0.8849	-0.52	-0.233461321062537	2.04	3	1
93	8	-1.5151	-0.52	-0.233461321062537	2.04	1	1
93	9	-2.5151	-0.52	-0.233461321062537	2.04	1	1
93	10	-1.7151	0.48	-0.233461321062537	2.04	1	1
94	1	-2.5151	0.48	-0.884981286818453	-1.96	2	1
94	2	2.0849	-0.52	-0.884981286818453	-1.96	2	1
94	3	0.484900000000001	0.48	-0.884981286818453	-1.96	3	1
94	4	-2.2151	0.48	-0.884981286818453	-1.96	3	1
94	5	-1.5151	-0.52	-0.884981286818453	-1.96	2	1
94	6	-0.4151	-0.52	-0.884981286818453	-1.96	2	1
94	7	1.4849	0.48	-0.884981286818453	-1.96	3	1
94	8	0.7849	-0.52	-0.884981286818453	-1.96	3	1
94	9	-1.50999999999994E-02	0.48	-0.884981286818453	-1.96	1	1
94	10	1.5849	0.48	-0.884981286818453	-1.96	3	1
95	1	0.484900000000001	-0.52	1.15842224214328	-1.96	2	1
95	2	1.8849	0.48	1.15842224214328	-1.96	3	1
95	3	-0.7151	-0.52	1.15842224214328	-1.96	1	1
95	4	1.2849	-0.52	1.15842224214328	-1.96	3	1
95	5	-2.2151	-0.52	1.15842224214328	-1.96	1	1
95	6	-1.5151	0.48	1.15842224214328	-1.96	1	1
95	7	2.3849	0.48	1.15842224214328	-1.96	3	1
95	8	-0.2151	-0.52	1.15842224214328	-1.96	2	1
95	9	0.8849	0.48	1.15842224214328	-1.96	1	1
95	10	-0.7151	-0.52	1.15842224214328	-1.96	2	1
96	1	2.1849	-0.52	0.872148317795988	1.04	2	1
96	2	-0.315099999999999	0.48	0.872148317795988	1.04	1	1
96	3	2.0849	0.48	0.872148317795988	1.04	1	1
96	4	-1.6151	0.48	0.872148317795988	1.04	1	1
96	5	8.49000000000002E-02	0.48	0.872148317795988	1.04	2	1
96	6	1.8849	0.48	0.872148317795988	1.04	2	1
96	7	2.1849	0.48	0.872148317795988	1.04	1	1
96	8	-1.6151	0.48	0.872148317795988	1.04	2	1
96	9	0.684900000000001	0.48	0.872148317795988	1.04	2	1
96	10	0.184900000000001	-0.52	0.872148317795988	1.04	1	1
97	1	-1.8151	0.48	0.862276803163323	-0.96	1	1
97	2	-0.4151	-0.52	0.862276803163323	-0.96	1	1
97	3	0.184900000000001	0.48	0.862276803163323	-0.96	1	1
97	4	1.7849	0.48	0.862276803163323	-0.96	2	1
97	5	-1.5151	0.48	0.862276803163323	-0.96	1	1
97	6	-2.3151	-0.52	0.862276803163323	-0.96	1	1
97	7	-0.8151	-0.52	0.862276803163323	-0.96	1	1
97	8	-1.7151	0.48	0.862276803163323	-0.96	1	1
97	9	-0.315099999999999	-0.52	0.862276803163323	-0.96	1	1
97	10	-0.4151	0.48	0.862276803163323	-0.96	1	1
98	1	0.3849	0.48	7.25556325500907E-02	2.04	3	1
98	2	-2.6151	-0.52	7.25556325500907E-02	2.04	1	1
98	3	1.1849	0.48	7.25556325500907E-02	2.04	3	1
98	4	-0.9151	0.48	7.25556325500907E-02	2.04	1	1
98	5	1.2849	-0.52	7.25556325500907E-02	2.04	2	1
98	6	-1.8151	0.48	7.25556325500907E-02	2.04	1	1
98	7	-1.50999999999994E-02	0.48	7.25556325500907E-02	2.04	2	1
98	8	0.8849	-0.52	7.25556325500907E-02	2.04	1	1
98	9	-2.6151	0.48	7.25556325500907E-02	2.04	1	1
98	10	-1.3151	-0.52	7.25556325500907E-02	2.04	1	1
99	1	-1.5151	0.48	-0.411148584450514	-0.96	2	1
99	2	-2.5151	-0.52	-0.411148584450514	-0.96	1	1
99	3	-0.1151	-0.52	-0.411148584450514	-0.96	2	1
99	4	2.0849	0.48	-0.411148584450514	-0.96	3	1
99	5	1.3849	-0.52	-0.411148584450514	-0.96	2	1
99	6	-0.515099999999999	0.48	-0.411148584450514	-0.96	3	1
99	7	-0.8151	0.48	-0.411148584450514	-0.96	2	1
99	8	1.0849	-0.52	-0.411148584450514	-0.96	1	1
99	9	-0.4151	0.48	-0.411148584450514	-0.96	2	1
99	10	1.6849	0.48	-0.411148584450514	-0.96	2	1
100	1	-2.5151	-0.52	1.08932163971463	2.04	1	1
100	2	-1.3151	0.48	1.08932163971463	2.04	1	1
100	3	-0.315099999999999	-0.52	1.08932163971463	2.04	1	1
100	4	-0.4151	0.48	1.08932163971463	2.04	1	1
100	5	0.484900000000001	-0.52	1.08932163971463	2.04	1	1
100	6	-2.4151	0.48	1.08932163971463	2.04	1	1
100	7	-1.5151	0.48	1.08932163971463	2.04	1	1
100	8	0.7849	0.48	1.08932163971463	2.04	1	1
100	9	0.684900000000001	-0.52	1.08932163971463	2.04	1	1
100	10	1.5849	0.48	1.08932163971463	2.04	1	1
