   23771026233602
   28251450033602
   3 54 405333102
   3242 813633102
   3377 975233102
   38251318033102
  22 52 451027102
  22242 836027102
  22277 848027102
  228321315027102
  23243 800033302
  42 67 530033701
  43 50 480529101
  43240 870029101
  44239 777026902
  44401 938026902
  448201125026902
  45 50 517141401
  452401086041401
  454451315041401
  455221320041401
  458301588041401
  79 49 470535901
  798271270035901
  80 56 448026002
  808271179026002
  81 48 415026002
  818461179026002
 103 44 490033001
 1048601270032002
 125 49 527033501
 1252371147033501
 1253911163033501
 126 47 479032751
 126236 831032751
 126377 958032751
 1268531270032751
 142 46 528033701
 142228 805033701
 1423681202033701
 1428651680033701
 143236 640022101
 143397 940022101
 144 61 470635002
 144228 921335002
 1443771080035002
 1448251360035002
 1453761540046101
 1458241769046101
 146 48 420033452
 165 44 386027901
 165367 935027901
 166 37 341525852
 1668381043025852
 169 53 380022102
 1699001000022102
 184 42 417033502
 184227 893033502
 1844001100033502
 1848201200033502
 185259 725726001
 185373 822026001
 198 69 519030702
 1988351406030702
 199 41 499035801
 199260 854035801
 1994181111035801
 1998691340035801
 201 60 612038451
 2019571490038451
 223 52 435030401
 223417 998030401
 236 46 414027101
 236369 953027101
 2365931148027101
 2368311270027101
 237 45 353028301
 237233 961028301
 2372681021028301
 2373671137028301
 2378291500928301
 2428301406028502
 258 70 530031552
 258251 974031552
 258412 998031552
 2588421134031552
 287 49 482038501
 287256 909038501
 2874271110038501
 2878191680038501
 2883931074034202
 2888271497034202
 2898191320036502
 291 46 388532002
 291392 839032002
 2918261043032002
 344 57 485029301
 362 45 520032951
 362249 970032951
 383 44 465039202
 3838311270039202
 407 56 524033401
 407237 923033401
 4073981610033401
 4078491410033401
 4079541474033401
 427 46 457028001
 427235 893028001
 427298 936028001
 4273751180028001
 4278231360028001
 447 47 475035701
 4473901303035701
 4478731600035701
 460 43 462029501
 4607291270029501
 462 62 556033001
 462233 987033001
 4623991230033001
 4628401500033001
 481 54 530036751
 482 56 442025101
 482258 828025101
 482400 936025101
 4828201133925101
 483273 576028752
 483372 692028752
 483820 953028752
 514 44 400035502
 514241 777035502
 5148311270035502
 527 42 437034001
 5278291270034001
 530 44 485032601
 530365 935532601
 553259 921027201
 5534741118027201
 556 46 465034002
 5562361035034002
 5563641205034002
 5568611288034002
 579377 935034052
 5799441281534052
 593 44 539035101
 593246 975035101
 5933731253035101
 5938351540035101
 610 47 446033902
 610229 880033902
 610371 980033902
 6104971100033902
 626 48 406832201
 6263711026032201
 6268191270032201
 627371 870028702
 6278541207028702
 628 45 425030801
 6282581049030801
 6284031270030801
 6288511600030801
 629369 870021602
 629460 918021602
 646 73 469032601
 646382 882032601
 646501 953032601
 6468301689032601
 661 43 484730351
 661224 842030351
 6613661029030351
 6618281360030351
 662 55 488036321
 662226 885036321
 662296 944036321
 6623641040036321
 682 49 522035352
 682242 793035352
 682390 900035352
 6828261270035352
 683 42 428026702
 683252 790026702
 6838751285026702
 684237 820033002
 684365 899033002
 709 50 457029551
 7118241410032901
 725 44 440032802
 7258421225032802
 739 46 451032852
 739231 777032852
 739273 822032852
 739369 822032852
 760 43 481039401
 760225 830039401
 760388 978039401
 7608641100339401
 777227 771032101
 777365 873032101
 7778201156032101
 7778261134032101
 778 42 425035502
 8004101089039001
 8008261270039001
 801 42 390025201
 8018331200025201
 816 46 437033041
 816236 746033041
 816364 927033041
 832 43 352024602
 832232 722024602
 8328431280024602
 833 49 516036051
 8338271300036051
 862261 958236501
 8624071077036501
 884 48 535032301
 884291 936032301
 8843401150032301
 8843761162332301
 886 45 441026701
 886256 717026701
 8868251004326701
 904255 760027401
 904404 930027401
 9048241004927401
 905 44 408534001
 905255 782034001
 905369 901434001
 9058241270034001
 917226 840027902
 9178211179027902
 918366 980034961
 919 44 340026372
 919367 806826372
 9198361043026372
 921 43 408029801
 921225 780029801
 921365 955029801
 9218761270029801
 922 48 371027002
 944 46 439032001
 944364 814032001
 9448611089032001
 945 45 408029001
 945 46 408329001
 946 46 445032002
 9463781083032002
 960 44 416036302
 960248 730036302
 964 57 471031301
 980 45 415032401
 9808711334032401
 984 52 543036301
 984395 960036301
 9848431423036301
 985 48 462030302
 985233 899030302
 985392 975030302
 9858541410030302
1005237 863026201
1005370 988026201
1006 48 539035001
10062661097035001
10063731267035001
1007 42 459037802
1007245 908037802
10078401200037802
1010236 853033001
10103771121033001
10108251150033001
1054 42 323025901
1055 49 482036202
1055227 831036202
1055414 981036202
10558481270036202
1067 65 354520302
1068 48 434024801
1068259 899024801
10683871055024801
1078 47 306027402
1078258 760027402
1078386 882027402
10788341092027402
10798531599029201
1080 54 557040101
1080 96 667040101
1106232 890028501
1106386 990028501
11068371350028501
1108 44 404829951
1108283 879029951
1108397 984029951
1119 84 689039051
11193301032039051
11198511700039051
1120 43 405635292
11205501225035292
11208581724035292
1121 43 360026901
1121410 908126901
1122 45 428029002
1123 45 395029351
1123274 910029351
1123366 948029351
11234571017729351
1124 62 450027552
1124294 940027552
11248891340027552
1125 48 446030002
1125259 865030002
1125385 975030002
11258891380030002
1141 47 385530002
1141265 746030002
1141393 882030002
11418271179030002
1142 46 403027602
1142280 930027602
1154 48 423028702
1154241 792028702
1154382 959028702
1155 46 519036501
11553921202036501
11558401720036501
1156 38 435031501
11562761018031501
11563111176031501
11563661106031501
11568641315431501
1157 61 433030001
1157229 789030001
1157376 900030001
11578521000030001
1158419 921038401
1160 54 422027201
1161 66 462025252
1161275 931025252
1179262 706026102
1179390 903026102
11798381542026102
11812451110035201
11813711360035201
11818501446035201
1205 91 302015701
1223 49 402028152
1223251 748028152
1223391 867028152
12238321270028152
1224 52 519034951
1224244 944034951
12248511500034951
1248 54 470035102
1248275 791035102
1248397 902035102
12492841077033001
1251269 989029901
12513971100029901
12518311405029901
1264245 896028841
12643681083028841
12648791179028841
1265 45 417028151
1265268 893028151
12658441270028151
1267 50 509032201
1267238 932632201
12673801006032201
12678421270032201
12858421406037402
1289393 902426001
12898411157026001
1291 53 539029751
12912381021029751
12918521590029751
1306 46 371024802
1306392 803124802
13068681086024802
1307 45 374025801
1307278 902025801
13073921026025801
13076091134025801
1308311 885025602
1340231 876024901
13403721066024901
13405121104824901
13408411310024901
1341 50 540032601
1341266 965032601
13413641090032601
1342230 891034551
1342293 915034551
13428211276034551
1360 47 421027002
1360272 797027002
13608481247027002
1361 48 500034302
13612351010034302
13618401500034302
1362 49 420036002
1362272 933036002
13628481454036002
1364271 904030902
1388 46 403030242
1416 49 388026601
14168431420026601
1417 44 380027802
1417409 805027802
14178431165027802
1420 47 479035001
1420250 819035001
1420285 882035001
1420376 916035001
14208241225035001
1441 46 447029301
1441229 855029301
1441383 940029301
1501 42 453530401
1501295 947030401
15013881012030401
15018361450030401
1525242 907025752
1525369 905025752
15258801600025752
1543 46 522537302
1545 44 470030781
1545 65 478030781
1545248 772030781
1545374 860030781
15458731247030781
1546248 942036502
15463741070036502
1547 73 394023002
1548 46 510036501
15482831046036501
1552 46 368030601
1552228 758030601
1552284 870030601
15528511225030601
1572254 720033051
1572366 805033051
1572877 998033051
1573 52 445029602
15738421050029602
1574 55 439030302
1574245 822030302
1574406 945030302
1576 55 513033602
15768251358033602
15928471177035802
1595278 808028902
15958451134028902
1611 65 477029702
1611241 796029702
1611402 910029702
16116751080029702
1613236 856029452
1614276 675030102
1614404 797030102
16146211043030102
1615 20 459535201
1615276 817035201
1615404 916035201
16158651207035201
1616 46 469035002
1616353 910035002
1632 50 426530002
1632375 930030002
16329341270030002
1633 50 449529501
1633275 828029501
1633403 953029501
16338641206429501
1634276 927026802
16343951087026802
1636 49 420029902
1636265 803029902
16368491157029902
1637 49 468030601
1654 43 383029202
1654294 908729202
1655 43 471035201
1655260 930035201
16558691423035201
1674 48 510040802
1674292 907240802
16744201074040802
16774201097028601
1678 48 340023202
1688 64 458030002
16884181162030002
1694 50 499032551
1716 56 410025101
1716238 785025101
1716406 965025101
1717 72 553035781
1717261 934035781
1718278 796025101
1741286 906129651
1742 47 377031002
1742414 726031002
1742854 953031002
1744 54 390030802
1744241 728030802
17448541320030802
1755 73 400034401
1757253 654026102
1757323 620026102
1783 48 456031401
1783233 771031401
1783378 955031401
17838261245031401
17842581074036401
1787 58 446029002
1787266 818029002
1787378 987029002
17878261500029002
1788 62 560031001
1788250 904031001
17883761052031001
1789 97 550025701
1789294 808525701
17894081043025701
1808 48 499030001
18083771046030001
1809 47 485034452
1809293 989034452
18094061191034452
1811 48 419031001
18118531270031001
1832 58 493032552
1832246 900032552
18328441270032552
1837331 998033201
18378861497033201
1858 46 333028101
1858414 907028101
18588481225028101
1859 46 425030602
1859224 808030602
18593691012030602
1894282 967028502
18943961134028502
1895 44 403029802
18953951057029802
1910280 805130002
1910408 998030002
19108421225030002
19118741179025002
1931 48 417030502
1955 45 510034801
1955233 850034801
1955387 998034801
19558241304034801
1956 43 439029602
1956228 845029602
19568211300029602
1957 46 468029852
19573551145029852
19578381905029852
1976 52 450029701
1976269 874029701
19763881020029701
19768361270029701
1979 51 490034001
1979265 852034001
1979392 926034001
19798211202034001
2026 46 483532851
2026285 910032851
20265391057032851
20278641338033202
2028299 785019902
2028398 907019902
20288321270019902
2029 45 312023102
2029284 805023102
20298371207023102
2049 46 454035601
20495371077035601
20498361207035601
2050 43 397030402
2066 48 302022801
20668611327022801
2068 43 385024951
2068407 994024951
20688271315024951
2088278 924032802
20883921060032802
20888311207032802
2106277 908436202
21068301479036202
2107257 829021602
21074041020021602
21079501400021602
2108 44 403026351
2108243 800026351
2108374 975026351
21088221026026351
2128 42 360027402
2128281 773027402
2128414 909027402
2128505 981027402
21288761168027402
2130226 638015752
2130371 740015752
21308191043015752
2149 48 479034801
2149287 908134801
21493871114434801
21498261396034801
2150 48 425534702
2150287 851034702
21504011000034702
2151286 819025401
2151336 801725401
2151387 895025401
21518631089025401
2153 56 385023002
2177 45 479043002
2177273 927043002
2179 45 473535032
21793981012035032
2197 50 442026111
2197270 950026111
21974011006026111
2221 47 397027402
2221243 774027402
2221377 919027402
2222 47 394027351
2222232 774027351
2222384 890027351
2247 46 263516302
2247327 845016302
2247392 896016302
22478261270016302
2248 47 500036101
22482681180036101
22483731320036101
2250 37 405030151
22502781063030151
22503941225030151
2251 47 371029402
22519301109029402
2271 51 433030202
2271260 849030202
2272 52 411029102
2302 46 472033601
23028661212033601
23033851008025751
2304 47 560030241
23042551085030241
23043741200030241
23048391590030241
2317 47 418033902
2317271 910033902
23182831140034802
23183831270034802
23188451520034802
2351 48 510034701
23512871004034701
23513921135034701
23518541373034701
2352 58 510028851
2352247 953028851
23523801000028851
23528841293028851
2353 48 530031051
2353280 907031051
23538421310031051
2372 47 394026852
2372278 776726852
2372384 875026852
23729021150026852
2387 44 414028201
2387229 785028201
2387327 967028201
2387395 975028201
23878291300028201
2388 44 402027272
2389 46 500030501
2389254 920030501
23893731100030501
23898591330030501
2392 43 578041801
23923761225041801
23928381588041801
2393 51 465031801
23938381361031801
2405 42 339030642
2407130 800032802
24072801010032802
2408 42 388033372
2408371 961033372
24088471100033372
2433 48 485033402
2433273 873033402
2433387 955033402
24338561262033402
2436259 965034201
24368541406034201
2437 54 382524402
2437386 726024402
2437771 953024402
2476 46 397030602
2476256 712030602
2476319 775030602
2476403 868030602
24768511089030602
2477 45 439030402
2477255 870030402
24774021000030402
2494 61 389024202
2494292 833024202
2494412 975024202
24948591202024202
2514279 746021401
2515 47 431025601
25153791177025601
2531 46 403034001
2531277 942034001
2561 59 523028651
25612721013028651
25614831180028651
25616161245028651
25618621349028651
2562 44 360028002
2562394 870028002
25628421179028002
2563274 825031202
25639131270031202
2581 47 459534092
25812721089034092
25813721032034092
25818411270034092
2595 44 472037002
2595365 947037002
25958381270037002
2596 44 463530501
2596269 978030501
2596404 981030501
25968381288030501
2598 43 427033902
25988351134033902
2599 44 446036602
2599260 802036602
2614 52 394030362
2614268 709030362
2615 45 318024702
2615427 867024702
26158641060024702
2616 52 421033301
2616252 738033301
26168641179033301
2617 45 414026201
2617268 964026201
26173891109026201
26178371270026201
2618 48 426032001
26184581089032001
26188641400032001
2644 47 564043601
2644225 998043601
26443701208043601
26448391630043601
2661 52 480031902
2661254 920031902
26618381349031902
2678 43 414037452
2678253 723037452
2678365 955037452
26788201200037452
2679 43 340026702
2681383 972035651
26818451975035651
2682 49 511033901
2682280 978033901
26823711120033901
26824691174033901
2705 79 407031002
2705258 840031002
27058391180031002
2706 44 414036002
2706281 801836002
2706381 950036002
27069481315036002
2709350 938044202
27098421207044202
2725 47 337525002
2725279 707425002
2725379 910025002
27258411104325002
2726 47 462031301
27263791052031301
2727 48 356024302
2727258 729024302
2727405 920024302
27278531270024302
2728 48 431032001
27282931070032001
27284051267032001
27288601270732001
2729 46 470531501
27293781216031501
27298681470031501
2730 52 385032601
27303471020032601
2752 65 502024251
27522901001024251
2775 48 465032602
2775226 794032602
27753711001032602
27758191200032602
2776 42 445033102
2776239 825033102
27763721035033102
27768341270033102
27792871015031001
2795 46 434033601
2795172 726033601
2795193 757033601
2795368 950033601
2797285 865034801
27978471134034801
2817 44 428037801
2817236 794037801
2817366 930037801
28178291225037801
28358431281022301
2850280 930029702
28503801043029702
28508421270029702
28513801043034801
28515131069034801
2853251 853035201
28538471360035201
2865 45 508036202
2865396 982036202
28659211247036202
2868277 774032752
28688671270032752
2886260 992025601
28862771012025601
28863731134025601
28868351270025601
2888275 751026751
2888417 853026751
28888511089026751
28895261410037001
28899321510037001
2921285 804829701
2921413 955029701
29218751267029701
2922 46 385028201
2922271 890028201
2922385 975028201
2936 44 430036002
2936290 945036002
29369131361036002
29388451370032302
2958 50 501039902
29583821134039902
2959 44 476028501
29593811089028501
29598461270028501
2983 50 468040202
2983267 875040202
2983358 924040202
2983379 933040202
29838621225040202
2984 46 480032702
2984285 826032702
2984425 982032702
29848871383032702
3006 46 462032002
3006278 908932002
30063781089032002
30068431270032002
3008 45 364026601
3008377 987026601
30084961021026601
3021247 806827801
30213741003227801
30218571300027801
3022245 850032002
3022366 945032002
30228291230032002
30428451267029602
3045272 909529951
30454141103429951
30458371270029951
3066 44 408028702
3066257 856028702
3066271 859028702
30664301015028702
30668851124028702
30839401225035721
3084 45 439430701
3084254 870030701
30848621272930701
3085 43 290022402
3085239 621022402
3085379 782022402
3085519 919022402
3106245 978034402
31064901320034402
3107 47 357024302
3107239 791024302
31073981040024302
31078251222024302
3109 96 469023402
3109152 573023402
3109285 780023402
3109293 800523402
3110228 780028502
31104461000028502
31108331315028502
31302781043026701
31308751490026701
3132 54 391021351
3132242 797021351
31324401069021351
31328601542021351
3133 44 431027402
3133236 811027402
3133374 916027402
31338571500027402
3148 58 410025102
3148364 785025102
3148538 860025102
31488361090025102
3170 58 474035002
3170230 808035002
31704061002035002
31704131001035002
31708281406035002
3171273 737027102
3171401 808027102
3185 46 427034402
31859011225034402
3186357 980027101
3187 42 517031001
31873851030031001
31878401519131001
3190 45 358031102
3191 55 515033852
3191255 900033852
31914651015033852
31918801140033852
3192271 862034402
3192385 958034402
31928681247034402
3193271 777032002
3193320 828032002
3193385 961032002
31936721134032002
32193841009032252
32194751111032252
32198811098032252
3243 44 439030301
3243267 904430301
32433811074030301
3245 42 547037501
32452511083037501
32458451637337501
3255266 960034002
32554131136034002
3271243 938035702
3272290 814030002
3272376 919030002
32728411225030002
3287 50 576040602
32872451022040602
32878221701040602
3289 42 431029001
3289260 788029001
3289309 811029001
3289374 845029001
3309 50 385033002
33098551179033002
3310 44 390026401
3310278 790026401
33108491050026401
3327 47 449030201
3327256 947030201
33274051089030201
33278811428030201
3329 44 431033301
3329240 757033301
3329380 902033301
33299131320033301
3340 43 431034001
33404011018034001
33408841270034001
3341240 902028801
3341416 998028801
33418501270028801
3342269 902032301
3342404 995032301
33428311270032301
3369 47 484032602
3369279 950032602
33694051018032602
33698901406032602
3370265 704022102
3370400 896022102
33708621179022102
3371230 810044551
33718321250044551
3388 53 415027002
3388269 724027002
33889231202027002
3389 44 471022502
3416294 896036802
3440 49 408037501
3440307 927037501
34404071066037501
3441 47 448032501
3441293 933032501
3441393 998032501
34415121043032501
34418211270032501
3442 56 477033802
3442273 760033802
3442378 873033802
34429101633033802
34432311012032651
34433761174032651
34438451410032651
3444 47 420025001
3444258 802525001
3444393 978825001
34448201247025001
3446 46 459029401
3446259 724029401
3446418 879029401
34469281242029401
3447 47 462032202
3447242 904032202
34478521450032202
3448 48 502039402
34482571004339402
3448406 746039402
34488401330039402
3477 42 401029552
3477267 883029552
3477393 984029552
3508 42 415034202
3508266 817034202
3509 42 340025702
3509147 583025702
3509228 690025702
3510 46 460027651
3510264 848027651
3510390 948027651
35108941318027651
3523114 4780 9581
3523233 7070 9581
3523296 8039 9581
3523368 9150 9581
352356410010 9581
3534 49 629052001
35342601259052001
35343861342052001
35348901667052001
3535 57 422024152
3535266 751024152
3535394 879024152
3535471 912024152
3537 44 519036301
35378681410036301
3542 44 513035001
3542261 820035001
3542380 948035001
35428281179035001
3549 68 408025901
3549377 981025901
3556 63 483031201
3556378 985031201
35568891200031201
3557 47 428028501
3557244 806228501
3557393 967028501
35578271179028501
3568 48 439028502
3568278 831028502
35688261270028502
35693821170026051
3582255 853032002
35824181089032002
35828651400032002
3583 45 443036551
3583291 958036551
35833891022736551
3624 47 424029151
3632 66 542036802
36343981091028151
3635250 874026301
3635385 746026301
36358191225026301
3639 46 439029802
36392551069029802
36394241315029802
3640241 780033201
3640283 870033201
36403881030033201
3665 42 414023362
3672 42 437831102
3672381 978031102
36728291225031102
3681 43 500038802
3681281 848038802
3681393 950038802
36818451270038802
3684 56 425027952
3684251 851027952
3698244 848027402
36983931055027402
3714419 907033252
3737386 902028502
37378691250028502
3744 56 467035652
3744252 802035652
3744388 964035652
37444161021035652
3767 55 522029802
3767257 870029802
3767385 907029802
37678321272029802
37683861015027202
3783 51 476030501
3783240 790030501
37834991004030501
37838301225030501
3784 51 530045021
37842361043045021
37842991194045021
37848911360045021
3804 45 455030501
3804269 620030501
3804381 940030501
38048291270030501
3827 43 400031952
3827295 810031952
3827358 850031952
3827341 819331952
38278271100031952
3850 45 343029051
38503841009029051
3852 48 544039001
38522501074039001
38523501270339001
38528541585039001
3856 47 502040402
3856227 830040402
38563881030040402
38568811500040402
3859 47 473030801
3860262 697027102
3860389 811027102
38609001228027102
3877 45 397023101
3884353 899030802
38848551225030802
3886 49 332021501
3886231 897021501
38868211270021501
3887 43 499034751
3887259 904034751
3887387 975234751
38878351270134751
3901259 919032701
39014081052032701
39018491383032701
3902245 712019701
39028491134019701
3918 41 450034202
3918221 860034202
39183681070034202
39188471610034202
3919 46 460038502
3919250 884038502
39204741066030901
3922 46 512042201
3924 48 432032202
3929 41 383028101
3929257 746028101
3929385 972028101
39298191315028101
3937276 740023902
3937839 998023902
3954 63 424025622
3954246 755025622
39548761181025622
39644031043027301
3964487 998027301
39646691089027301
3966 42 462030701
3966283 989030701
39663641097030701
39668331410030701
3986 43 338025801
39869041173025801
3987 47 502032801
3987239 930032801
39873771145032801
39878461360032801
4005 45 410028302
4005244 792028302
4005370 950028302
40058811297028302
4008 45 465031501
4008249 842031501
4008377 953031501
40088251270031501
4017 60 455030201
4048 61 469025851
4048232 839025851
4048274 873025851
4048370 933025851
40488391225025851
4069273 640010002
40698401000010002
4071 48 473032301
40713911128032301
40718621510032301
4075 90 472032402
4075257 820032402
4075413 907032402
40755391267032402
4081243 814027202
4086 59 437028352
4086291 782028352
4086361 862028352
4086391 873028352
40868321006028352
4093256 914033002
40933841089033002
40938321542033002
41069411406033452
4107 49 335025552
4107224 669025552
4107287 774025552
4107343 780025552
4107413 887025552
4108288 839034801
4108381 953034801
41088641270034801
4119252 771033301
4119315 791033301
41194081023033301
4125 63 465033802
4125251 737033802
4125386 841033802
41258551196033802
4129 57 450032902
4129264 750032902
41298621224032902
4131 56 498034002
41313691038034002
41315371176034002
4139 54 505038402
4139251 896038402
41393861006038402
41398411270038402
4148 46 380023202
4148252 751023202
4152 45 445041702
4152237 836041702
41524101015041702
41528291225041702
4153 45 335025402
4153265 715025402
41538601200025402
4154250 740028002
4154455 933028002
41549241270028002
4169257 890028072
41693691046028072
4170 54 610042001
41718451107938901
4190 65 522035702
41904021021035702
41905761148035702
41908831406035702
41945451309030902
4196 40 341022802
4196260 851022802
4196405 987022802
41968521360022802
4211 63 536032101
4211252 887032101
42118331400032101
4215 48 408835202
4215292 964035202
42153991194035202
42158331700035202
4246 62 454030002
4246408 978030002
42468961320030002
4253 42 410033851
42538281338033851
4265252 930032002
42653941043032002
42658831270032002
4276 48 385023941
4276417 910023941
42768251111723941
4287 47 470036602
4287397 950036602
4294 47 479032801
42943911043032801
42948721134032801
4298 46 442035201
4298396 854035201
4299 49 466029502
4299274 929029502
42999041450029502
4304414 937020001
43048991111320001
4322 48 384023701
43228401270023701
4323 54 434031751
4323244 896031751
4326 46 471035802
4326231 899035802
4326231 899035802
4326389 953035802
4356 47 418026081
43564181032026081
43568241338026081
4357416 917027501
43578241236027501
4364 44 406234201
4364276 953034201
43643971043034201
43648381270034201
4365 45 460030401
4367 45 468031051
43708341270035151
4373 73 559039001
4378 70 539030401
43788561465030401
4391 48 432030802
4391259 771030802
4391394 907030802
43918351270030802
4395 42 360025602
4395258 748025602
4395399 862025602
43958341225025602
4398 42 360027801
4398266 750027801
4398301 810027801
4398441 970027801
4418 46 570042701
44188331270042701
4434 37 403033002
4434255 760033002
4439 80 605037201
4446 41 485037602
4446259 842037602
4446413 940037602
44468891340037602
4450 43 465031551
4450105 714031551
44508741211031551
44548251000038702
4462 50 467028801
44622491029028801
44624051270028801
44624961316028801
4468 42 387029902
4468228 628029902
4468404 780029902
44688191066029902
4475 47 400029602
44758411315029602
4485 52 513039002
4485248 817039002
4485304 842039002
4485402 930039002
44858541200039002
4502 45 307121902
4502289 791021902
4516 44 542040801
4516288 910040801
4516402 930040801
45168361225040801
4518 43 374625902
4518259 712025902
4519289 945032251
4520 44 530036802
4520237 950036802
45205041157036802
45208491327036802
4539397 794026001
4548 48 417030251
4548286 840030251
4548398 913030251
4565 51 414027402
4565276 807027402
4569 44 459039952
4569255 998039952
45694311012039952
45698801410039952
4574 42 405032002
4574262 984032002
45744911240032002
4581 45 502030702
4581231 920030702
4581521 998030702
45818421406030702
4591 55 485036101
45913081025036101
4614 59 456025901
4614265 924025901
46144021100025901
46148581300625901
46284581000031852
4637 45 376028002
4637276 730028002
4637388 863028002
46378711050028002
4646 44 413027701
4646230 750027701
4646393 845027701
46468211074027701
4658 56 412032802
46584131004032802
46588701497032802
4666 64 520029002
46668691100029002
4674 47 363025001
4674258 876025001
4674418 976025001
4675 78 598032351
4675413 961032351
46755041057032351
4682257 726015801
4682395 876015801
4682458 927015801
4682535 972015801
46828501202515801
4685 60 412028601
4685445 978028601
46903941018023802
46908231270023802
47038641360028601
4717 42 474036102
4722 49 420025101
4722251 800025101
4722393 907225101
47225611099025101
47228621270025101
4736 47 407335002
4736249 834035002
47363301004035002
47368391270035002
4744 43 413025202
4744415 990025202
4755 43 434035801
4755263 785035801
4755408 944035801
4759 45 401428202
4759389 913028202
4761 49 459031901
4761276 868031901
4761386 953031901
4762 44 463529801
4762232 890029801
47623731005229801
4771246 825025601
4771388 972025601
47718351270025601
4799 47 377024801
4799258 933024801
47994141111024801
47998341400024801
48038401225027102
4806 47 610036401
48062481150036401
48063811370036401
48068251700036401
4807 46 405027202
4807385 801727202
4826 59 465032002
4826256 868032002
4826284 868032002
4826384 909532002
4827270 780029482
48278321270029482
4840 50 476030501
4840416 961030501
48408301211030501
4841 45 332026002
4841382 907226002
4855 48 465031602
4855254 896031602
4860 45 483032802
48602751100032802
48608281560032802
4872 55 495030101
48723841002030101
48728201400030101
4874266 862027102
48743941089027102
48748281270027102
4876 47 369025302
4876264 666025302
4876299 703025302
4879 49 508033901
48792281024033901
48793831170033901
48798331542033901
4885 47 439028501
4885103 624028501
4885293 893028501
4885356 964028501
48858271211028501
4890 80 564132602
48908441401032602
4891 48 380026301
4891264 723026301
48918471066026301
4892 45 407027251
4892403 905027251
4893 48 471032602
4893292 984032602
48938541360032602
4894 46 434031502
4894329 955031502
4895392 907034902
48957421180034902
4903 52 549038702
4903228 935038702
4910 54 553031051
4910226 915031051
49103881018031051
49108241225031051
4920 46 468031301
4920262 927031301
49203901179031301
4924244 795026402
4924385 862026402
4930 48 523038201
49303841027038201
49308201185038201
4938 48 405022002
4938243 717022002
4938370 851022002
49388531074022002
4955 45 403028452
49558521361028452
4969 48 525033801
4969254 987033801
49693981089033801
49698331450033801
4975 44 310022851
49753691050022851
4990 43 399029902
4990259 776029902
4990371 828029902
4996 70 408027602
4996 90 920027602
4996251 748027602
4996379 907027602
5003 47 404827602
5003249 927027602
50033761157027602
50038461730027602
5016 50 493035252
5016249 978035252
50208301360033002
