 110923   172230
 110923   180241
 110923   139232
 111215   2 7140
 111215   217111
 111222   388360
 111222   389321
 111222   383392
 111914   412240
 111914   425261
 111914   412322
 110919   567220
 110919   578231
 110416   652190
 110416   676231
 110416   619112
 111917   737220
 111917   768221
 111917   731262
 110921   857180
 110921   886291
 110921   840282
 111430   942300
 111430   959311
 110525  1046290
 110525  1079291
 110432  1169310
 110432  1184281
 110432  1150322
 110415  1254180
 110415  1274261
 110325  1363230
 110325  1339272
 110229  1483390
 110229  1488351
 110229  1480362
 110734  1537240
 110734  1544301
 110734  1537332
 111527  1615250
 111527  1620291
 111527  16 4332
 111421  1743270
 111421  1755301
 111421  1729302
 120917  1952140
 120917  1984101
 120917  1946252
 121422  2011140
 121422  2023201
 121422  20 9172
 120915  2127160
 120915  2150151
 120915  2115182
 121425  2279300
 121425  2287291
 121425  2242332
 121421  2365190
 121421  2371191
 121421  2336202
 121320  2423110
 121320  2422 81
 121320  2410132
 121323  2537220
 121323  2567251
 121416  2633190
 121416  2650181
 121416  2617252
 120434  2764290
 120434  2776291
 120434  2731272
 121320  2810220
 121320  2817121
 121320  2811212
 121420  2927210
 121420  2925241
 121420  2911302
 120330  3042190
 120330  3070251
 120330  3020272
 121431  3134170
 121431  3146171
 121431  31 8222
 120624  3283280
 120624  3286271
 121424  33 8110
 121424  3311101
 121424  3310162
 121419  34 9170
 120414  3527140
 120414  3561161
 120414  3524202
 210231  3727190
 210231  3738301
 210231  3715272
 211325  3970300
 211325  3986311
 211325  3958372
 210919  4035261
 210919  4013222
 211229  4178330
 211229  4189321
 210933  4242180
 210933  4273201
 210933  4234322
 210428  4381240
 210428  4381321
 210428  4341282
 211926  4419280
 211926  4430291
 211926  4417282
 211915  4554250
 211915  4581291
 211915  4541352
 211234  4688340
 211234  4690371
 211234  4688372
 211925  4863280
 211925  4881301
 211925  48 7342
 210920  5037220
 210920  5079291
 210920  5041272
 210614  51 8140
 210614  5140261
 210614  5111192
 220222  52 3170
 220222  5234151
 310227  6074310
 310227  6084321
 310435  6172330
 310435  6177301
 310435  6154372
 310535  6281340
 310535  6285341
 310535  6278392
 311232  6571370
 311232  6560372
 310529  6672320
 310529  6655352
 311424  6757230
 311424  6766291
 311424  6726332
 311626  6851330
 311626  6879311
 311626  6824372
 311521  6959240
 311521  6976 91
 311521  6950372
 310429  7030180
 310429  7048181
 310429  7031322
 311724  7128280
 310731  7367270
 310731  7380271
 311422  7434300
 311422  7444241
 311425  7555310
 311425  7567171
 311425  7527222
 311730  7748300
 311730  7737372
 310720  7842260
 310720  7830272
 311432  7967310
 311432  7981281
 310424  8052231
 310425  8275290
 310425  8254362
 321420  8320280
 321420  83 9152
 321430  8541280
 321430  8564301
 321430  8549372
 321425  8642190
 321425  8673251
 411928  8771260
 411928  8788251
 411928  8767332
 410423  8824120
 410423  8863151
 410423  8818202
 410418  8911 70
 410418  8913 41
 410418  8935132
 410721  9032 80
 410721  9061 81
 410721  9021192
 411528  9156280
 411528  9181231
 411528  9127252
 410426  9254210
 410426  9265161
 410426  9230212
 411432  9373370
 411432  9387341
 411432  9367382
 410423  9437200
 410423  9474251
 410423  9443242
 411726  95 6100
 411726  9517191
 411726  9515292
 411523  9619110
 411523  9630 91
 411523  9625142
 410626  9734210
 410626  9765191
 410626  9735262
 411733  9882350
 411733  9885361
 411733  9874372
 411926  9923270
 411926  9956171
 411926  9937312
 410726 10068300
 410726 10080251
 410726 10050282
 410529 10178300
 410529 10185291
 410529 10154342
 411432 10225210
 411432 10247261
 411432 10237332
 410717 10314120
 410717 10331 81
 410717 10312202
 410928 10453240
 410928 10482291
 410928 10460322
 411731 10560210
 411731 10582251
 411731 10553282
 411432 10724230
 411432 10764251
 411432 10729362
 411426 10823230
 411426 10879261
 411426 10849352
 410416 10933280
 410416 10985261
 410416 10956342
 411926 11031210
 411926 11065281
 411926 11027342
 410427 11163290
 410427 11180291
 410427 11150332
 511420 115 5140
 511420 11562 61
 511425 116 8120
 511425 11627171
 511425 11613252
 511327 11743 40
 511327 11764 21
 510523 11810110
 510523 11817 51
 511417 11925260
 511417 11974321
 511417 11942332
 510233 12274300
 510233 12284321
 510233 12266362
 511125 12464250
 511125 12476331
 511125 12452312
 510423 12540200
 510423 12566221
 510423 12523252
 510233 12687340
 510233 12688331
 510233 12692372
 511329 12741180
 511329 12775291
 511329 12732232
 510230 12885320
 510230 12891331
 510230 12879342
 510232 12984330
 510232 12990371
 510232 12982362
 511430 13061250
 511430 13083331
 511430 13064302
 510234 13280310
 510234 13288361
 510234 13284332
 521125 13474261
 521125 13442232
 521227 13551290
 521227 13576341
 521227 13534322
 520424 13650250
 520424 13670211
 520424 13629212
 520432 13782310
 520432 13780321
 520432 13767342
 521228 13887370
 521228 13881361
 521228 13887382
 521228 13964260
 521228 13981361
 521228 13958362
 520924 14045260
 520924 14079271
 520924 14047332
 520530 14172350
 520530 14181341
 520530 14163362
 520132 14282350
 520132 14288331
 520132 14278372
 520129 14373300
 520129 14379341
 520129 14357342
 520329 14664330
 520329 14687261
 520329 14644282
 521122 14865280
 521122 14882301
 521122 14832302
 521922 14939180
 521922 14977141
 521922 14933252
 521132 15053310
 521132 15081321
 521132 15039372
 521227 15189400
 521227 15190381
 521227 15178362
 611426 15214310
 611426 15269281
 611427 15366161
 611427 15328232
 610928 15443230
 610928 15476161
 610620 15559210
 610620 15576211
 610620 15527282
 611424 15648260
 611424 15636312
 611730 15730260
 611730 15759231
 611730 15713262
 610419 15870240
 610419 15879291
 610419 15842302
 611431 15966290
 611431 15982351
 611431 15941372
 611426 16051271
 611426 16012372
 610633 16147221
 610526 16470210
 610526 16480181
 611227 16727260
 611227 16763231
 610422 16875320
 610422 16886311
 610422 16853322
 610712 17150190
 610712 17179201
 610712 17143242
 610928 17269250
 610928 17284291
 610928 17265332
 620431 17468251
 620431 17426282
 621428 17528300
 621428 17557301
 621428 17529362
 621434 17680330
 621434 17686331
 621434 17655402
 620423 17766310
 620423 17785231
 620423 17737362
 621427 18254280
 621427 18278281
 621427 18246302
 621924 18341250
 621924 18375161
 621924 18335312
 621929 18440300
 621929 18444231
 621929 18416262
 620423 18540280
 620423 18551171
 621629 18864230
 621629 18851222
 710716 18932151
 710716 18921262
 711514 19019 80
 711514 19033 91
 710935 19187380
 710935 19189361
 710932 19266230
 710933 19318330
 710933 19355311
 710933 19330372
 710932 19478340
 710932 19490391
 710932 19471362
 711628 19555310
 711628 19574311
 711628 19539372
 710422 19624170
 710422 19674241
 710422 19667372
 710723 19717210
 710723 19767311
 710723 19724242
 711929 19885370
 711929 19889351
 711929 19888392
 720232 20028350
 720232 20073341
 720229 20140310
 720229 20189321
 720229 20172382
 721920 20255250
 721920 20269301
 721920 20237332
 720925 20331270
 720925 20321211
 720925 20315322
 720416 20415 90
 720416 204 9101
 720416 20426212
 810816 20835140
 810816 20869151
 810816 20825192
 811422 20937230
 811422 20974271
 811422 20925302
 810419 21137200
 810419 21152161
 810419 21124272
 811529 21273300
 811529 21283331
 811529 21255332
 810429 21375220
 810429 21389271
 810429 21354312
 811526 21469310
 811526 21481341
 811526 21462292
 810427 21561280
 810427 21579331
 810427 21542352
 811732 21754290
 811732 21785341
 811732 21762382
 811426 21835230
 811426 21879361
 811426 21865372
 810528 21970300
 810528 21978321
 810528 21962332
 811226 22087340
 811226 22085321
 811226 22084352
 820421 22127300
 820421 22169281
 820421 22115252
 820433 22248220
 820433 22243231
 820433 22212302
 820733 22388340
 820733 22389321
 820733 22383352
 821317 22415220
 821317 22461181
 821317 22413212
 820932 22555290
 820932 22581281
 821624 22618170
 821624 22639231
 820427 22763250
 820427 22782241
 820427 22738322
 821925 22824250
 821925 22865241
 821925 22829302
 820512 22960180
 820512 22962181
 820512 22923232
 820427 23088350
 820427 23085281
 820427 23068382
 820918 23263260
 820918 23287231
 820918 23247302
 821934 23357340
 821934 23380311
 821934 23340382
 821322 23432290
 821322 23467301
 821322 23442342
 830417 235 9130
 830417 23563201
 830417 23526182
 830423 23675221
 830423 23645212
 830927 23749240
 830927 23785301
 831727 23849220
 831727 23885251
 831727 23862332
 830927 23975250
 830927 23988211
 830927 23944322
 830422 24130280
 830422 24177211
 830422 24129332
 830417 24265210
 911431 24373260
 911431 24387281
 911431 24370322
 910133 24484390
 910133 24487361
 910133 24449372
 910434 24583330
 910434 24586351
 910434 24574352
 910334 24688330
 910334 24691351
 910334 24674362
 910233 24788370
 910233 24787351
 910233 24788372
 911135 24888360
 911135 24888381
 911135 24893392
 911235 24971330
 911235 24983351
 911235 24962372
 911231 25089360
 911231 25089381
 911231 25077382
 921329 25116110
 921329 25143151
 921329 25138172
 921434 25227240
 921434 25248181
 921434 25236322
 921227 25339280
 921227 25367201
 921432 25474300
 921432 25481291
 921432 25466302
 921230 25580230
 921230 25582221
 921230 25555312
 920528 25638260
 920528 25667281
 920528 25645342
 921136 25783330
 921136 25788351
 921136 25752382
 920831 25832260
 920831 25862241
 920831 25833302
 921235 25970340
 921235 25981321
 921235 25974382
 920234 26053250
 920234 26084241
 920234 26061282
 920329 26125290
 920329 26179301
 920329 26164322
 920426 26222180
 920426 26264191
 920426 26233222
 931128 26310130
 931128 26323151
 931128 26332182
 931120 26424160
 931120 26421161
 931120 26412222
1010919 26530240
1010926 26633160
1011631 26755240
1011631 26768321
1011423 26811180
1011423 26861281
1011422 26934210
1011422 26976301
1011730 27033310
1011730 27072291
1010431 27173320
1010431 27187351
1011124 27250230
1011124 27275221
1010421 27355300
1010421 27366311
1010332 27581321
1010522 27646180
1010522 27665221
1011430 27710220
1011416 27823190
1011416 27827291
1010413 27922150
1010413 27923271
1111321 28016260
1111321 28074211
1111321 28034322
1111319 28437280
1111319 28480181
1111319 28457302
1111412 285 8210
1111412 28534171
1111412 28519152
1120323 287 9250
1120323 28749301
1120323 28735352
1121321 28842220
1121321 28885311
1121321 28835242
1120921 289 8180
1120921 28959251
1120921 28911262
1120319 29031290
1120319 29081251
1120319 29031312
1120425 29126230
1120425 29178301
1120425 29140332
1121824 292 6210
1121824 29234271
1121824 292 7302
1121431 29323310
1121431 29371321
1121431 29333382
1121428 29419270
1121428 29465251
1121620 29514260
1121620 29539161
1121620 295 8292
1210422 29659280
1210422 29641231
1210422 29629342
1211419 29717 90
1211419 29717151
1211419 29714152
1210428 29887250
1210428 29886301
1210428 29878342
1211518 29966320
1211518 29966371
1211518 29949372
1221134 30079340
1221134 30084281
1221134 30085322
1221920 301 2220
1220423 30254240
1220423 30267191
1220720 30332230
1220720 30351251
1220720 30338302
1220235 30582390
1220235 30588361
1220235 30578382
1220435 30680360
1220435 30689371
1220435 30678392
1231323 30741260
1231323 30771241
1231323 30739212
1230829 30865250
1230829 30880201
1230829 30830322
1230332 30976290
1230332 30984291
1230332 30953362
1230624 31054210
1230624 31084201
1230624 31052272
1231729 31153220
1231729 31163311
1231729 31125302
1241424 31231280
1241424 31255271
1241125 31320230
1241125 31333271
1241125 31310272
1240614 31434190
1240614 31462281
1241616 31545210
1241616 31560311
1240524 31677280
1240524 31687331
1240524 31664372
1240427 31783280
1240427 31785281
1240427 31762332
1240324 31873280
1240324 31883291
1240324 31854242
1241415 31912140
1241415 319 5142
1241419 32013210
1241419 32050251
1241419 32021252
1241427 32123220
1241427 32176241
1241427 32131322
1240429 32274320
1240429 32278341
1240429 32256382
1241415 323 8160
1241415 32331151
1241415 323 9202
1240924 32411250
1240924 32453201
1240924 32443192
1311933 32674370
1311933 32680372
1310431 32745310
1310431 32747302
1310527 32881340
1310527 32881271
1310527 32866282
1310432 32960310
1310432 32981291
1310429 33084330
1310429 33086301
1310429 33079332
1311924 33116260
1311924 33181281
1311924 33169332
1310430 33227250
1310430 33274271
1310430 33255312
1311422 33317210
1311422 33352251
1311422 33332362
1311926 33415280
1311926 33450251
1311926 33460342
1311621 33513210
1311621 33543181
1310416 33624210
1310416 33664101
1310416 33616102
1311428 337 6200
1311428 33769111
1311428 33739132
1311919 33817230
1311919 33839241
1311919 33842272
1310418 33947250
1310418 33987281
1310418 33959292
1310228 34034230
1310228 34047121
1310228 34037202
1310225 34143270
1310225 34180271
1310225 34152292
1311530 34223350
1311530 34265341
1311530 34243382
1310421 34328270
1310421 34369201
1310421 34333332
1321913 34417140
1321913 34427191
1321419 34720240
1321419 34757201
1321419 34723352
1321221 34815200
1321221 34834121
1321221 34819322
1320512 34930140
1320512 34933111
1320512 34924372
1321622 35013140
1321622 35039121
1321622 35017212
1320228 35134260
1320228 35152362
1321415 35216150
1321415 35225161
1321415 352 8242
1411916 35311140
1411916 35320 31
1411711 35413120
1411711 35446 71
1411722 35559300
1411722 35570201
1411722 35536292
1410921 35631260
1410921 35669241
1410921 35624332
1410425 35761300
1410425 35773221
1410425 35735302
1410925 35842150
1410925 35849181
1410925 35813262
1410720 35948230
1410720 35965251
1410720 35918282
1410916 36148170
1410916 36160201
1410916 36122192
1411427 36222190
1411427 36232161
1411427 362 8222
1411418 36314150
1411418 36323171
1411418 36320262
1411527 36416250
1411527 36428271
1411527 36413302
1411933 36588330
1411933 36586301
1411933 36553342
1411931 36675290
1411931 36688331
1411931 36659372
1411925 36729250
1411925 36771281
1411925 36725322
1411920 36837150
1411920 36839181
1411920 368 9232
1511428 36938290
1511428 36971281
1510434 37036300
1510434 37051251
1510531 37162250
1510531 37178211
1510135 37287380
1510135 37290381
1510135 37284362
1511432 37365290
1511432 37380291
1511432 37352372
1510416 37452200
1510416 37466271
1510236 37588370
1510236 37590361
1510236 37592362
1510927 37678340
1510927 37682321
1510927 37653352
1510317 37750200
1510317 37775121
1511725 37860360
1511725 37876331
1511916 37917 80
1511916 37927 51
1511934 38081260
1511934 38078231
1511934 38050332
1511429 38120220
1511429 38141131
1521424 38253310
1521423 383 3150
1521423 38310 81
1520234 38487340
1520234 38489351
1520234 38492372
1520427 38533340
1520427 38550241
1520923 38658310
1520923 38665201
1520919 38739220
1520919 38748131
1520427 38825171
1521914 39023160
1521914 39031191
1520424 39167240
1520424 39172211
1520424 39144362
1521524 39379360
1521524 39385261
1520418 39530200
1520418 39556151
1611311 396 2150
1611311 39622 31
1611423 39735300
1611423 39769271
1611423 39740322
1610422 39845230
1610422 39861311
1610422 39830282
1611621 40061270
1611621 40074261
1611621 40049312
1610421 40248220
1610421 40265211
1610421 40246372
1611219 40317160
1611219 40328111
1610918 40423240
1610918 40475131
1610918 40420212
1610620 40534180
1610620 40558211
1610620 40530232
1610923 40654271
1610923 40624342
1611327 40747270
1611327 40771341
1611327 40753382
1610925 40883350
1610925 40885341
1610925 40871372
1610415 409 8170
1610415 40926121
1611526 41029220
1611526 41054231
1611526 41027302
1611419 41118270
1611419 41121241
1611419 41117262
1610415 41223140
1610415 41243 81
1610415 41221172
1611622 41319120
1611622 41328 31
1611622 41314 82
1611425 414 3 80
1611425 414 2 81
1611425 41416132
1621620 41529220
1621620 41556211
1621620 41525302
1621926 41677310
1621926 41686351
1621926 41648382
1711233 41786390
1711233 41788361
1711233 41792382
1710428 42042230
1710428 42072241
1710428 42032322
1710831 42188330
1710831 42188331
1710831 42173392
1720824 42550210
1720824 42572251
1720425 42632200
1720425 42655191
1720425 42618262
1720931 42927300
1720931 42976301
1720931 42962382
1721916 43014110
1721916 43017151
1721916 43010232
1810814 43433100
1811424 43553310
1811424 43549261
1811330 43660360
1811330 43684281
1811330 43654352
1811910 43723150
1811910 43721101
1811910 43721232
1811417 43825140
1811417 43852131
1811417 43821202
1811428 43953220
1811428 43981231
1811428 43927262
1810430 44069300
1810430 44083281
1810430 44040362
1810134 44185340
1810134 44189331
1810134 44174382
1810926 44250280
1810926 44266271
1810926 44218292
1811919 44339201
1811919 44318272
1810423 44454220
1810423 44468201
1810423 44416252
1810417 44539240
1810417 44539292
1811325 44684320
1811325 44688271
1811325 44678332
1810519 44753250
1810519 44768221
1810519 44744302
1810423 44852240
1810423 44859111
1810423 44836212
1810431 44987350
1810431 44989291
1810431 44980382
1810631 45077320
1810631 45081281
1810631 45040312
1810926 45151250
1810926 45166271
1810926 45131332
1811824 45268210
1811824 45281201
1811824 45243312
1811531 45330170
1811531 45349161
1811531 45332292
1910422 45512150
1910422 45534271
1910422 45529332
1911521 45624300
1911521 45654301
1911521 45633342
1911521 45747130
1911521 45764131
1911521 45753252
1911233 45849180
1911233 45872382
1911932 45926320
1911932 45951331
1911932 45945372
1911522 46065350
1911522 46085301
1911522 46069352
1910517 46121150
1910517 46177261
1910517 46151302
1911525 46228190
1911525 46247281
1911525 46233322
1910926 46357290
1910127 46438260
1910127 46466281
1910127 46451312
1921524 46530370
1921524 46557291
1920935 46667290
1920522 46761220
1920522 46770271
1920522 46748322
1920534 46846260
1920534 46871301
1920534 46840332
1920536 46974360
1920536 46980351
1920536 46961372
1920534 47027280
1920534 47026302
1921519 47130250
1921519 47171191
1921519 47152272
2011631 47243300
2011631 47251241
2011631 47238352
2011423 47320260
2011423 47354171
2011423 47311322
2010729 47565200
2010729 47577151
2010729 47540272
2010235 47686370
2010235 47689321
2010235 47693372
2011334 47754300
2011334 47775281
2011334 47746322
2011624 47828250
2011624 47845 51
2011624 47825142
2010426 47951260
2010426 47966181
2010426 47944282
2021926 48017190
2021926 48061181
2021926 48019352
2021931 48123190
2021931 48132291
2021927 48266200
2021927 48279271
2021927 48261382
2020920 48444250
2020920 48428262
2020626 48665290
2020626 48684261
2020727 48761270
2020727 48780231
2020727 48737372
2021329 48942250
2021329 48972251
2021329 48933282
2021931 49146260
2021931 49174331
2021931 49137382
2110527 49250270
2110527 49283211
2110527 49261302
2111424 49468300
2111424 49483311
2111424 49470332
2110330 49535220
2110330 49554241
2110330 49553272
2111930 49626170
2111930 49676311
2111930 49654302
2111122 49719160
2111122 49746131
2111122 49724312
2110921 49849190
2110921 49881251
2110921 49839242
2111625 49948280
2111625 49976231
2111625 49960272
2111632 50014180
2111632 50025151
2110619 50115200
2110619 50155111
2110619 50145242
2110423 50211140
2110423 50222 81
2110423 50223242
2111434 50372250
2111434 50384251
2111434 50366302
2111425 50436210
2111425 50469181
2111425 50428212
2111621 50517240
2111621 50560201
2111621 50533282
2110429 50638160
2110429 50660211
2110429 50628242
2110435 50748310
2110435 50786311
2110435 50773342
2121930 50820310
2121930 50842291
2121930 508 7312
2121414 50913180
2121414 50945111
2121414 50925152
2121623 51014110
2121623 51038111
2121731 51136130
2121731 51176201
2121922 51225130
2121922 51228161
2121922 51214272
2121625 51420160
2121625 51435251
2121625 51426182
2120625 51532170
2120625 51567171
2120625 51534232
2121427 51618280
2121427 51658281
2121427 51634292
2120428 51731180
2120428 51778191
2120428 51748232
2121132 51844290
2121132 51888281
2121132 51849362
2120423 519 9160
2120423 51937131
2120423 51921242
2121933 52017220
2121933 52029271
2121933 52016332
2121430 52114210
2121430 52152191
2121430 52131222
2121431 52246180
2121431 52288241
2121431 52267312
2121626 52326250
2121626 52373311
2121626 52328292
2120927 52453230
2120927 52474241
2120927 52442352
2120331 52568300
2120331 52580211
2211720 52618120
2211720 52612 51
2211720 526 1 52
2211726 52762350
2211726 52784241
2211726 52750362
2210336 52827250
2210336 52834141
2210624 52944290
2210624 52956251
2210624 52937342
2210335 53082390
2210335 53087361
2210335 53080382
2211430 53113320
2211430 53112371
2211430 53115352
2211329 53250320
2211329 53282261
2211329 53248342
2210331 53368230
2210331 53370201
2210331 53339272
2211725 53457290
2211725 53466181
2211725 53433272
2221419 535 4140
2221419 535 3 21
2220924 53616220
2220924 53656231
2220924 53651322
2221427 53770230
2221427 53782251
2221427 53737272
2221423 53834240
2221423 53846221
2221423 53812252
2221829 53918250
2221829 53918161
2221829 539 8252
2221516 54067270
2221516 54062171
2221516 54027292
2221425 54125230
2221425 54138241
2221425 54128252
2310712 54313160
2310712 54322 61
2310712 543 6112
2310431 54579340
2310431 54587331
2310431 54574402
2311326 546 9180
2311326 546 7161
2311326 54622282
2311425 54870280
2311425 54872261
2311425 54826252
2311719 54911260
2311719 54919131
2311719 54911232
2310725 55070250
2310725 55083261
2310725 55051312
2311631 55171290
2311631 55179331
2311631 55145352
2311925 55243300
2311925 55264211
2311925 55232332
2311422 55343310
2311422 55372281
2311422 55336322
2311527 55484360
2311527 55485391
2311527 55476402
2320723 55527140
2320723 55546251
2320723 55515262
2321815 55619120
2321815 55670121
2321815 55640242
2321528 55740230
2321528 55761241
2321924 55856250
2321924 55864241
2321924 55833352
2321714 559 1120
2321714 559 8131
2321714 559 3 92
2320728 56064240
2320728 56083281
2320728 56040322
2321236 56183330
2321236 56190341
2321236 56174372
2321917 56242250
2321917 56263271
2321328 56372280
2321328 56382231
2321328 56354282
2320427 56431260
2320427 56460301
2320427 56424342
2410920 56542240
2410920 56574261
2410920 56545352
2411223 56672250
2411223 56685271
2411223 56644352
2410411 567 9150
2410411 56750181
2410411 56731322
2411929 56840310
2411929 56856361
2411929 56818372
2411422 56924210
2411422 56948111
2411422 56918342
2411324 57079350
2411324 57086311
2411324 57051372
2410221 57182310
2410221 57190321
2410221 57169372
2411436 57262310
2411436 57280321
2411436 57244362
2411523 57341200
2411523 57355221
2411523 57323272
2411926 57472300
2411926 57483331
2411926 57458402
2410430 57683340
2410430 57687321
2410430 57666372
2411422 57770270
2411422 57782251
2411422 57751332
2410932 57889370
2410932 57889361
2410932 57874372
2410232 57987350
2410232 57987351
2410232 57977372
2410428 58041200
2410428 58074291
2410428 58036362
2410422 58225120
2410422 58268151
2410422 58217232
2410421 58371180
2410421 58381271
2410421 58346312
2410524 58470220
2410524 58484201
2410524 58441312
2411424 58543260
2411424 58572241
2411424 58548362
2410423 58652260
2410423 58676271
2410423 58634292
2410432 58786310
2410432 58788381
2410432 58755382
2510916 58932200
2510916 58954151
2510916 58930252
2510420 59026230
2510420 59047221
2510623 59184221
2510623 59147312
2511920 59212220
2511920 59227121
2511920 59224282
2510933 59383310
2510933 59388301
2511935 59484380
2511935 59488341
2511935 59471342
2510222 59770250
2510222 59780191
2510222 59748322
2510934 59887340
2510934 59889361
2510934 59882402
2510131 59984360
2510131 59987351
2510131 59985392
2511432 60017240
2511432 600 8302
25113 4 60155270
25113 4 60132161
25113 4 60118332
2511526 60326300
2511526 60329221
2511526 603 6292
2511923 60549250
2511923 60575261
2511923 60532342
2511425 60753270
2511425 60740241
2511629 60851310
2511629 60866291
2511127 61077301
2511127 61055352
2511930 61215180
2511930 61230231
2511930 61232332
2511616 61371310
2511616 61381281
2511616 61336322
2611428 61421210
2611428 61479261
2610629 61543310
2610629 61584361
2610629 61539362
2610613 61622250
2610613 61673271
2610422 61731200
2610422 61751251
2610422 61712352
2611432 61825300
2611432 61850251
2611432 61813342
2611920 61913230
2611920 61936201
2611422 62054290
2611422 62084311
2611422 62038372
2611419 62123150
2611419 62178181
2611419 62142242
2611426 62265300
2611426 62283341
2611426 62236332
2610917 62316110
2610917 62342161
2611426 624 6110
2611426 62434141
2611426 624 8112
2610427 62532320
2610427 62578351
2610427 62547372
2610528 62623250
2610528 62669291
2610528 62640332
2611424 62746220
2611424 62766201
2611424 62729262
2610430 62858330
2610430 62880381
2610430 62843392
2610432 62988220
2610432 62989291
2611932 63029150
2611932 63061251
2611412 632 2130
2611412 63215181
2610424 63322250
2610424 63373311
2610424 63322292
2610414 63464310
2610414 63487361
2610414 63461372
2621423 63561340
2621423 63581281
2621423 63544362
2621420 63674280
2621420 63685331
2620426 63769240
2620426 63780201
2620426 63748332
2621427 63841310
2621427 63870301
2620419 63955320
2620419 63965301
2620419 63935352
2621430 64075330
2621430 64079281
2621430 64053302
2621733 64167330
2621733 64185351
2621733 64168392
2621927 64264240
2621927 64278181
2621927 64234272
2621414 64338170
2621414 64354141
2621414 64315182
2710221 64450220
2710221 64474211
2710221 64425332
2711314 64516160
2711314 64525231
2711425 64619190
2711425 64641221
2711425 646 7292
2711423 64748151
2711423 64715282
2710628 64833250
2710628 64859261
2710628 64822302
2711223 64928280
2711223 64971261
2711223 64915312
2710514 65014180
2710514 65049 81
2710514 65023142
2711428 65151280
2711428 65164261
2711428 65136362
2711419 65222230
2711419 65232161
2711419 652 9232
2711618 653 9 80
2711618 65313 71
2710224 65469200
2710224 65481211
2710224 65451332
2711320 65549230
2711320 65568251
2711320 65522332
2711424 65613250
2711424 65639221
2711424 65621312
2720417 65845170
2720417 65852 81
2720623 65959270
2720623 65977281
2720623 65943392
2721324 66058220
2721324 66066271
2721324 66033322
2721426 66165260
2721426 66177221
2721426 66138322
2721923 66221220
2721923 66231141
2720625 66320190
2720625 66321161
2720625 663 8212
2720225 66434180
2720225 66455201
2720225 66431292
2720428 66581360
2720428 66580371
2720428 66565392
2720726 66634250
2720726 66648241
2720726 66627292
2721423 66725240
2721423 66764191
2721423 66719282
2720534 66883241
2720534 66862332
2721426 66974181
2721426 66954292
2721623 67019180
2721623 67014191
2721630 67168300
2721630 67180361
2721630 67146372
2810622 672 3130
2810622 67214131
2810622 672 4142
2810522 67315110
2810522 67313 91
2810522 673 6142
2811616 674 0 10
2811620 675 5180
2810424 67725160
2810424 67737141
2810424 67714222
2810722 67826 90
2810722 67847101
2810722 67810132
2811725 67913210
2811725 67927141
2811725 67916312
2810523 68022250
2810523 68068221
2810523 68039392
2820928 68329101
2820928 68313142
2821719 684 8140
2821719 68422171
2821719 68412212
2820224 68610240
2820224 68652241
2820224 68629212
2820925 68786270
2820925 68791301
2820319 68817120
2820319 68841281
2820319 68819252
2821121 68914110
2821121 68927241
2821121 68920272
2821420 69020270
2821420 69050161
2821420 69018222
2821515 69164290
2821515 69187331
2821515 69157372
2820423 69241260
2820423 69257231
2820423 69243292
2820131 69474290
2820131 69489321
2820131 69492392
2911630 69652230
2911630 69675291
2911630 69615292
2911419 69716211
2911419 697 4222
2910432 69962320
2910432 69984351
2910432 69949362
2910714 70022180
2910714 70042231
2910430 70146190
2910430 70176271
2910430 70124292
2910230 70281300
2910230 70281311
2910233 70349220
2910233 70370291
2910233 70354322
2911324 70515200
2911324 70523321
2911424 70722190
2911424 70759301
2911424 70715202
2910424 70864280
2910424 70883211
2910424 70828282
2911233 70980240
2911233 70977291
2911233 70954292
2911335 71031250
2911335 71046241
2911433 71167310
2911433 71182311
2911433 71144292
2910221 71272250
2910221 71277281
2911616 71326170
2911616 71327151
2911616 713 0142
2911434 71446240
2911434 71469281
2911434 71422332
2910231 71546190
2910231 71577231
2910231 71518242
2911433 71618210
2911433 71642301
2911433 71620292
2911234 71783360
2911234 71789291
2920425 71945270
2920425 71968241
2920532 72086350
2920532 72088351
2920527 72176310
2920527 72181351
2920527 72252300
2920527 72266301
2920427 72386340
2920427 72389341
2920427 72472220
2920427 72480271
3010324 72582330
3010324 72590331
3010324 72576382
3010323 72684230
3010323 72687291
3010323 72658352
3011226 72781290
3011226 72767372
3011418 72821 80
3011418 72819171
3011418 72811312
3011923 72953280
3011923 72977221
3010316 73078280
3010316 73087301
3010932 73174280
3010932 73189301
3010932 73166352
3010419 73269220
3010419 73279211
3010419 73247272
3010417 73336120
3010417 73359221
3010429 73472190
3010429 73484251
3010429 73456252
3011418 73578270
3011418 73578322
3010423 73679220
3010423 73679271
3010423 73652302
3011222 73739130
3011222 73739121
3011222 737 9182
3011418 73819192
3010924 73990352
3021318 74060280
3021318 74078261
3021318 74056362
3020417 74163190
3020417 74172221
3020426 74386230
3020426 74388321
3020434 74483340
3020434 74488361
3020434 74478372
3020420 74550310
3020420 74571301
3020919 74667280
3020919 74682261
3020919 74662322
3020424 74750280
3020424 74778331
3020424 74731382
3020423 74869300
3020423 74881261
3020423 74878322
3020329 74929300
3020329 74928352
3020927 75069240
3020927 75090291
3020821 75171250
3020821 75177251
3020821 75159302
3020427 75252290
3020427 75270311
3020427 75243322
3021722 75352330
3021722 75375311
3021722 75333342
3020224 75487270
3020224 75489331
3020224 75482352
3020225 75579330
3020225 75588251
3020225 75580342
3021317 75648200
3021317 75651292
3020417 75777260
3020417 75785271
3021227 75882250
3021227 75856352
3020223 75958210
3020223 75982241
3020418 760 6120
3020418 76030101
3020418 76012112
3021426 76257250
3021426 76270191
3021426 76243252
3020417 76329150
3111430 76426180
3111430 76476211
3111430 76473392
3111234 76576350
3111234 76586371
3111234 76586392
3111226 76665290
3111226 76685291
3111226 76672372
3111131 76876320
3111131 76889371
3111131 76875392
3110426 77075280
3110426 77082311
3110426 77066362
3111425 77126170
3111425 77171201
3110426 77276250
3110426 77283281
3110426 77244352
3110225 77367240
3110225 77378151
3110225 77356302
3111235 77422330
3111235 77473321
3111235 77461352
3111233 77547350
3111233 77579301
3111233 77576372
3110521 77640200
3110521 77669181
3110521 77637342
3110618 77731200
3110618 77771191
3110618 77729302
3110422 77957220
3110422 77974231
3110422 77954312
3111322 78031180
3111322 78069251
3111322 78050302
3111423 78129140
3111423 78174151
3111423 78138332
3111420 78214130
3111420 78262201
3111420 78247352
3110829 78373340
3110829 78386241
3110829 78358312
3111532 78426270
3111532 78469211
3111532 78453352
3111525 78530260
3111525 78564321
3111525 78549372
3121233 78684330
3121233 78689391
3121233 78697402
3121423 78763280
3121423 78776211
3121423 78747302
3120330 78879340
3120330 78888331
3120330 78877392
3120332 78985380
3120332 78990381
3120332 78995402
3120229 79074350
3120229 79086331
3120229 79066382
3120234 79184360
3120234 79187401
3120234 79185402
3121236 79383400
3121236 79386371
3121236 79383402
3121235 79488350
3121235 79490301
3121235 79470362
3121326 79682370
3121326 79688331
3121326 79685392
3121334 79787400
3121334 79788401
3121334 79793402
3121228 79837330
3121228 79870361
3121228 79854332
3120427 79969300
3120427 79979331
3120427 79943362
3120319 80049240
3120319 80068211
3120319 80041332
3121932 80159270
3121932 80180281
3121932 80176372
3120426 80234220
3120426 80270241
3120426 80238352
3120912 80359130
3120912 80379101
3120912 80337282
3131934 80483350
3131934 80489351
3131934 80485372
3210412 80521200
3210412 80542171
3210412 80524222
3210233 80686330
3210233 80675362
3210923 80774300
3210923 80783321
3210923 80751372
3210527 80835240
3210527 80882321
3210527 80851322
3210331 80988320
3210331 80990341
3210331 80972342
3210222 81029210
3210222 81067271
3210222 81040342
3210228 81182290
3210228 81187331
3210228 81174322
3210922 81231240
3210922 81252181
3210922 81222232
3210420 81332160
3210420 81352191
3210420 81321182
3210422 81482360
3210422 81490391
3210422 81480372
3210228 81590330
3210228 81586331
3210228 81577312
3210418 81631200
3210418 81664251
3210418 81654322
3210519 81751310
3210519 81775291
3210519 81725322
3210433 81876310
3210433 81888321
3210433 81866352
3210610 81927170
3210610 81928231
3210419 82045230
3210419 82078261
3210419 82032252
3210326 82117180
3210326 82166221
3210922 82259290
3210922 82286311
3210922 82254372
3210119 82370300
3210119 82382241
3210119 82350342
3210232 82451340
3210232 82485321
3210232 82459342
3210214 82530110
3210214 82566121
3210214 82525132
3210422 82658260
3210422 82679291
3210422 82645302
3210228 82723180
3210228 82724181
3210213 82847170
3210213 82864231
3210213 82826272
3210523 82940140
3210523 82963161
3210523 82925212
3210517 83056220
3210517 83071311
3210517 83033192
3310432 83157300
3310432 83163241
3310432 83146312
3310623 83224200
3310623 83241251
3310623 83217212
3311726 83364350
3311726 83382231
3311726 83334262
3311416 83416210
3311416 83433131
3311416 83415112
3311424 83550270
3311424 83560201
3311424 83545232
3310323 83682281
3310323 83657252
3311922 83740271
3311922 83716222
3311424 83869280
3311424 83887261
3311424 83867302
3311423 84137280
3311423 84171311
3311423 84128242
3310429 84281340
3310429 84287361
3310429 84287382
3310511 84345190
3310511 84361171
3310511 84323182
3310918 84436181
3310918 84423212
3311614 84518220
3311614 84561151
3311614 84531242
3311325 84628240
3311325 84628221
3310621 84736270
3310621 84773171
3310621 84730282
3311425 84845300
3311425 84874151
3311425 84841302
3311327 84981310
3311327 84974281
3311327 84967322
3310422 85056240
3310422 85078171
3310422 85045232
3311624 85181330
3311624 85178271
3311624 85147332
3310630 85270270
3310630 85280221
3310630 85237352
3310224 85371290
3310224 85383241
3310224 85363312
3311218 85459151
3311218 85437272
3310216 85555280
3310216 85567141
3311431 85679320
3311431 85684301
3311431 85660332
3310316 85774310
3310316 85784211
3310316 85762282
3310531 85890340
3310531 85889351
3310531 85895362
3321434 85963350
3321434 85985351
3321434 85968352
3320428 86020240
3320428 86059201
3320428 86028262
3320423 86149280
3320423 86168221
3320423 86125212
3321424 86226210
3321424 86248121
3321424 86218252
3320434 86375350
3320434 86376351
3320434 86377372
3321635 86463270
3321635 86483231
3321635 86454322
3321935 86558280
3321935 86570301
3321935 86553352
3321431 86667330
3321431 86680321
3321431 86653332
3320430 86790320
3320430 86790301
3320430 86778372
3321418 86882310
3321418 86880291
3321418 86871372
3321330 86962300
3321330 86980251
3321330 86951302
3321432 87074300
3321432 87061332
3320532 87177330
3320532 87182271
3320532 87166282
3320236 87289360
3320236 87290391
3320236 87295372
3321232 87367300
3321232 87374231
3321232 87339322
3321224 87466260
3321224 87476291
3321224 87457272
3320429 87580310
3320429 87586261
3320429 87572332
3320434 87681340
3320434 87683281
3320434 87672332
3320214 87771280
3320214 87781311
3320214 87754322
3320636 87891390
3320636 87890321
3320636 87889362
3411219 87961250
3411219 87976311
3411219 87946342
3410328 88167300
3410328 88184351
3410328 88163362
3410415 882 9120
3410415 88248121
3410415 88213232
3411528 88372260
3411528 88385331
3411528 88342362
3410521 88436240
3410521 88475281
3410521 88461312
3410428 88568300
3410428 88586321
3410428 88570352
3410428 88669320
3410428 88686311
3410428 88673352
3410430 88764300
3410430 88783341
3410430 88767372
3410429 88976310
3410429 88986361
3410426 89078251
3410328 89136240
3410328 89159291
3410328 89148342
3410929 89278330
3410929 89286351
3410929 89281372
3411426 89381310
3411426 89389361
3411426 89375382
3410423 89446320
3410423 89473211
3410423 89441302
3411220 89548170
3411220 89575161
3411220 89538302
3410428 89666240
3410428 89680281
3411430 89786350
3411430 89791311
3420220 89834310
3420220 89873321
3420220 89841352
3420124 89930210
3420124 89969201
3420430 90067330
3420430 90083361
3420430 90056372
3420219 90147160
3420219 90169221
3420418 90426190
3420418 90448241
3420418 90418292
3421426 90584310
3421426 90587341
3421426 90572392
3420423 90657210
3420423 90678251
3420423 90645322
3421624 90714220
3421624 90740281
3421624 90725312
3420421 90840270
3420421 90875301
3420421 90834362
3420421 91073330
3420421 91086271
3420421 91089362
3421328 91176241
3421328 91148342
3420219 91224290
3420219 91253271
3420219 91226342
3420420 91369301
3420420 91360352
3430915 91521150
3430915 91537161
3430224 91614200
3430224 91637201
3430224 91660302
3431425 91728230
3431425 91758231
3431425 91724302
3430426 91815200
3430426 91846191
3430426 91825302
3510231 91981370
3510231 91989301
3510231 91958372
3510825 92078370
3510825 92080341
3510825 92070342
3510228 92275320
3510228 92287291
3510228 92262352
3511424 92341360
3511424 92378341
3511424 92360342
3510424 92486341
3510234 92590370
3510234 92590271
3510234 92587382
3511528 92679310
3511528 92685291
3511528 92650292
3510225 92779340
3510225 92785331
3510225 92767292
3511225 92913300
3511225 92968241
3511225 92933272
3510525 93026330
3510525 93085331
3510525 93060342
3510932 93188360
3510932 93191371
3510932 93188382
3510224 93429190
3510224 93482281
3510224 93425242
3511228 93516310
3511228 93544261
3511228 93527342
3510222 937 3190
3510222 93727101
3510222 937 5 92
3511930 938 2180
3511930 93825121
3520227 93915240
3520227 93976211
3520227 93945342
3520923 94155180
3520923 94189211
3520135 94265330
3520135 94287251
3520135 94269362
3521921 943 8240
3521921 94362 81
3521921 94331182
3610421 94629 91
3621728 94826270
3621728 94862221
3621728 94844372
3620428 94954300
3620428 94983311
3620428 94942342
3621928 95082280
3621928 95088321
3621928 95073392
3620422 95169200
3620422 95188301
3620422 95149322
3620523 95216190
3620523 95261261
3620523 95240372
3621424 95380310
3621424 95388351
3621424 95372362
3620921 95447190
3620921 95464221
3620328 95570230
3620328 95581221
3620328 95566352
3620432 95679300
3620432 95688331
3620432 95671392
3620732 95776310
3620732 95788291
3630234 95885330
3630234 95886361
3630234 95876392
3630422 96075260
3630422 96035322
3631434 96173350
3631434 96185351
3631434 96163362
3631430 96265280
3631430 96272311
3631430 96264362
3631321 96326190
3631321 96348211
3631321 96317312
3630432 96475260
3630432 96470201
3630432 96441302
3631431 96529150
3631431 96563191
3631431 96561342
3630928 96771250
3640428 96869260
3640428 96886301
3640428 96863392
3641419 96918180
3641419 96940131
3641419 96943322
3641928 97033230
3641928 97067151
3641928 97039332
3640234 97189390
3640234 97189371
3640234 97198402
3641325 97269350
3641325 97280281
3641325 97245352
3641427 97376330
3641427 97381291
3641427 97358332
3640124 97455220
3640124 97478201
3640124 97436322
3640127 97572310
3640127 97588371
3640127 97568372
3640530 97668260
3640530 97682331
3640530 97648362
3640922 97744200
3640922 97766211
3640922 97764372
3640522 97860160
3640522 97880161
3640522 97860322
3640435 97986360
3640435 97989351
3640435 97994402
3641920 98045200
3641920 98077201
3641920 98031332
3711431 98140320
3711431 98161301
3711431 98143332
3710418 98236190
3710418 98272221
3710418 98243252
3710430 98342320
3710430 98370231
3710430 98337312
3710425 98478270
3710425 98484251
3710425 98452322
3710224 98553150
3710224 98582241
3710122 98676191
3710122 98669362
3711331 98774310
3711331 98787321
3711331 98775372
3711923 98861190
3711923 98865221
3711923 98843262
3710221 98977250
3710221 98983311
3710221 98959352
3710426 99087320
3710426 99090341
3710426 99087332
3710428 99163360
3710428 99185321
3711428 99275290
3711428 99288301
3711428 99280352
3710727 99381360
3710727 99384331
3710414 99474240
3710414 99476321
3710414 99444292
3710227 99562250
3710227 99569281
3710227 99535322
3710232 99637180
3710232 99673281
3710232 99659362
3711430 99740310
3711430 99759231
3711430 99734322
3710427 99886360
3710427 99891331
3710427 99880372
3711229 99955200
3711229 99977191
3711229 99941292
3711425100023200
3711425100057171
3711425100030252
3710426100166280
3710426100182301
3710226100283320
3811323100352260
3811323100374251
3811323100348342
3810516100475310
3810516100483241
3810516100462352
3811916100518200
3811916100543331
3811916100537342
3811523100640110
3811523100655121
3811523100639322
3811628100730210
3811628100754281
3811628100736372
3811920100877230
3811920100890251
3811920100856282
3810925100927260
3810925100951251
38105131010 8130
3810513101044101
3810513101035312
3810415101143280
3810415101162231
3810415101141322
3810418101247170
3810418101247211
3810418101234342
3811422101326150
3811422101333211
3811422101341312
3811224101440220
3811224101463291
3811224101438322
3811421101511130
3811421101529151
3811430101654271
3811430101632332
3910221101734230
3910221101760241
3910221101743252
3910428101845140
3910428101857171
3910428101811242
3910227101919240
3910227101956221
3910227101921302
3910832102075270
3910832102085261
3910832102062362
3911532102156250
3911532102180321
3911532102144302
3910423102273220
3910423102282201
3910423102248292
3911430102349260
3911430102373311
3911430102350322
3911431102471290
3911431102487301
3911431102466322
3920232102569250
3920232102580231
3920232102557292
3921428102630330
3921428102651281
3921428102628372
3920225102748220
3920225102777191
3920428102840171
3920428102833272
3920627102982250
3920627102988261
3920627102960332
3920424103040270
3920424103074281
3920424103035322
3921924103113130
3921924103128141
39219241031 8222
3920421103217120
3920421103218111
4010231103377310
4010231103383301
4011513103413180
4011513103421 51
4010430103569230
4010430103542322
4010524103634220
4010524103646221
4010524103635292
4010212103766280
4010212103781251
4010212103737292
4010429103854240
4010429103870311
4010429103851362
4011431103951240
4011431103955241
4011431103921192
40115121040 2150
4011512104016131
40115121040 5122
4010421104118130
4010421104116 81
40104211041 6152
4010722104222220
4010722104248201
40104 61043 7 90
40104 6104322 61
40104 61043 5 82
40114261045 6180
4011426104510282
4010235104746310
4010235104773311
4010235104726362
4110322105272240
4110322105284251
4110722105312270
4110722105357251
4110722105348322
4110931105483310
4110931105487291
4110931105471322
4111533105515210
4111533105541201
4111533105533322
4111323105666230
4111323105675211
4111323105656362
4110431105781330
4110431105789331
4110431105781372
4110615105861250
4110615105864181
4110615105840292
4110413105920160
4110413105936121
4110414106043250
4110414106070231
4110414106050322
4110419106165240
4110419106185221
4110419106159302
4110132106284300
4110132106285251
4110132106276392
4110329106385350
4110329106387321
4110329106378392
4110928106476270
4211621106521200
4211621106538271
4211621106553362
4211915106620240
4211915106659191
4211915106620262
4210626106773280
4210626106787291
4210626106736322
4211425106851310
4211425106876321
4211425106827302
4211727106928360
4211727106933311
4211727106917322
4210921107015160
4210921107020141
42109211070 7162
4211415107140210
4211415107153221
4211415107122192
4211423107255290
4211423107266251
4211423107263252
4211922107470290
4211922107479231
4211922107442342
4211424107527240
4211424107534181
4211424107518152
4211923107624210
42119231076 6112
4210920107739130
4210920107762 91
4210920107727172
4211430107878320
4211430107885361
4211430107873342
4211924107938250
4211924107949301
4210229108033210
4210229108048291
4210229108011222
4211424108163360
4211424108186321
4211424108155332
4220924108259200
4220924108273241
4220924108228322
4220920108349290
4220920108370261
4220920108341372
4221925108437230
4221925108439181
42219251084 8162
4220418108516210
4220418108527 91
42204181085 8172
4221520108765310
4221520108714211
4221520108711292
4220426108859270
4220426108882341
4220426108841312
4220333108967340
4220333108989331
4220426109064380
4220426109084341
4220426109059352
4221525109136220
4221525109145261
4221525109120302
4220416109229210
4220416109225251
4220416109210282
4221430109385360
4221430109382351
4221430109364352
4220527109485290
4220527109482241
4221627109565370
4221627109564371
4221627109536332
4221424109642240
4221424109651151
4221728109734290
4231422109816220
4231422109831231
42314221098 8282
4231431110013230
4231431110020361
4231431110021342
4230721110132180
4230721110149221
4230721110132322
4231915110219170
4231915110222261
4231915110239352
4230415110324170
4230415110344301
4230415110316192
4231423110458300
4231423110449311
4231423110440342
4230626110576300
4230626110583301
4230626110550382
4231416110626140
4231416110645141
4231416110618282
4230927110872270
4230927110880311
4230927110837312
4230719110925250
4230719110935181
4230719110914202
4230421111048260
4230421111067231
4230421111011302
42312141111 3130
4231214111119332
4230519111226190
4230519111248201
42305191112 9202
4230629111366240
4230629111338372
4230922111443290
4230922111472301
4230922111425332
4231414111522250
4231414111532361
4410532114876290
4410532114887311
4410532114858312
4410428115173320
4410428115184261
4410428115149342
4410434115385330
4410434115390371
4410434115378372
4411929115572290
4411929115573241
4411929115541342
4411616115615150
4411616115667 91
4411616115634212
44116181157 8140
45116221161 6140
4511622116116 81
45116221161 6172
4510319116267240
4510319116284311
4510319116244282
4510414116313110
4510414116326 91
4510414116311 72
4510629116483360
4510629116489341
4510322116568340
4510322116584311
4510322116552332
4510611116615120
4510611116612 81
4510622116721120
4510622116730121
4511423116830200
4511423116875181
4511423116818242
4511233117081390
4511233117087351
4511233117082392
4510427117180310
4510427117185241
4510427117163302
4511227117242260
4511227117260241
4511429117318160
4511429117325201
4511928117444210
4511928117451251
4511928117422302
45114191175 2 50
45114191175 2 41
45114191175 0162
4510717117617130
4510717117639 91
4510717117617 92
4511330117723360
4511330117747321
4511330117735362
4510326117834260
4610230117974340
4610230117972352
4610429118063240
4610429118080301
4610429118053342
4611926118126220
4611926118155191
4611926118119302
4611427118275310
4611427118281321
4611427118266332
4611921118324130
4611921118341262
4611917118419210
4611917118443191
4610529118568270
4610529118582291
4610529118540362
4611435118777370
4611435118791381
4611435118756362
4610732118881380
4610732118891381
4610927118962270
4610927118972331
4610927118950362
4611428119020230
4611428119045251
4611428119035322
4610421119168190
4610421119182261
4610421119148292
4611931119278260
4611931119283341
4611931119244342
4610331119357320
4610331119376211
4610331119337352
4610429119668200
4610429119686231
4611533119740270
4611533119773371
4610930119889320
4610930119883301
4610930119884332
4611532119924250
4611532119950291
4611532119927312
4611236120079400
4611236120084371
4611236120084382
4711331120387400
4711331120389391
4711331120380402
4710628120459320
4710628120476331
4710628120439362
4710921120545310
4710921120574191
4710921120527302
4710435120638240
4710435120672301
4710435120645392
4710920120735220
4710920120764191
4710423120855270
4710423120879241
4710423120840382
4710913121048240
4710913121076341
4710913121036342
4710414121146260
4710414121163231
4710414121123282
4710834121256270
4710834121266261
4710834121249332
4710920121355210
4710920121374241
4710920121361272
4711615121430210
4711615121482241
4711615121428362
4711417121533210
4711417121557261
4711417121517222
4711429121630340
4711429121637361
4711429121615312
4710427121759290
4710427121771221
4710427121747302
4711427121838360
4711427121872271
4711427121842322
4711431121946290
4711431121984291
4711431121934322
4720416122017260
4720416122032362
4720422122160290
4720422122172341
4720422122151342
4721436122257310
4721436122282311
4721436122237392
4720236122390350
4720236122390401
4720236122388392
4720430122467330
4720430122470321
4720430122436382
4721231122520260
4721231122531332
4721125122670220
4721125122686301
4721125122663352
4721533122731280
4721533122773301
4721533122729332
4720135122856260
4720135122886321
4720135122842372
4720423122912130
4720423122933221
4720423122928362
4721428123055240
4721428123078311
4721428123025332
4721525123123180
4721525123132161
4721525123117322
4720430123256250
4720430123276301
4720430123241352
4720431123413210
4720431123462231
4720431123422332
4721729123526180
4721729123530332
4721423123682260
4721423123687331
4721423123654322
4720426123717170
4720426123735221
4720426123723222
4720930123850250
4720930123875311
4721832123942240
4721832123972311
4721832123944292
4720229124059230
4720929124262300
4810429124378320
4810429124387301
4810429124357322
4810424124440160
4810424124454291
4810424124419242
4811226124564310
4811226124567321
4811226124534302
4811625124648250
4811625124667151
4811625124640232
4811426124729280
4811426124756291
4811426124740342
4810423124857260
4810423124866241
4810423124834232
4811430124958320
4811430124974341
4811430124940322
4811325125083330
4811325125084351
4811725125169310
4811725125178301
4811725125154352
4810417125256300
4810417125277241
4810417125236342
4811629125333220
4811629125360291
4811629125319332
4811222125463310
4811222125470231
4811222125458312
4810613125513100
4810613125529131
4810327125626210
4810327125663271
48103271256 9262
4810925125762290
4810925125772281
4810925125739302
4811228125823250
4811228125849291
4811228125819312
4811319125927130
4811319125945 61
4820225126276250
4820225126287231
4820225126263392
4821927126466230
4821927126478261
4821927126440312
4820421126562270
4820421126572231
4820421126542352
4820718126626150
4820718126651151
4820718126617252
4821525126976370
4821525126981311
4821525126948362
48218 6127021 50
48218 6127027 51
48218 6127021 52
4820417127155210
4820417127180141
4820417127137222
4821426127227300
4821426127252171
4821426127217262
4820315127335150
4820315127345131
4820315127315192
4820215127483270
4820215127478251
4820215127474332
4821229127578300
4821229127578311
4821229127545382
4820423127667220
4820423127682281
4820423127636312
4821433127778360
4821433127779331
4821433127777362
4820423127838270
4820423127859231
4820423127835332
4821420127931240
4821420127969101
4821420127920192
48215141280 3140
48215141280 3 91
4821514128015102
4821925128124250
4821925128122211
4831727128216250
4831727128220201
4830425128486400
4830425128483351
4830425128464312
4831329128546281
4831329128536332
4830331128669320
4830331128683291
4830331128670352
4831335128779380
4831335128784361
4831335128761352
4830429128881330
4830429128884311
4830429128872342
4830936128989390
4830936128989381
4830936128987402
4830427129038310
4830427129041351
4830427129012342
4830325129158310
4830325129170221
4830325129144312
4831326129271240
4831326129277321
4831326129257282
4831931129321260
4831931129380321
4831931129340352
4830228129478350
4830228129485391
4830924129558230
4830924129576311
4830924129550332
4830436129675400
4830436129688351
4830436129659362
4830224129750290
4830224129769221
4830224129718222
4831423129870290
4831423129874341
4831423129829312
4830324129917240
4830324129938 71
4830324129918152
4830227130187350
4830227130184331
4830227130173352
4840923130231260
4840923130249111
4840923130220202
4841925130321280
4841925130319191
48419251303 7282
4841427130481300
4841427130489341
4841327130549320
4841327130578361
4841327130546332
4841915130626200
4841915130657181
4841915130621302
4840923130725300
4840923130735291
4840923130717312
4840322130834330
4840322130869311
4840322130823342
4840412130942110
4840412130962201
4840412130928142
4840915131040180
4840915131063121
4840434131170280
4840434131184311
4840434131141312
4841229131288360
4841229131290401
4841229131276392
4840423131330240
4840423131338221
4840423131323282
4840321131471270
4840321131478341
4840321131438342
4840427131652230
4840427131679261
4840427131639292
4840231131765310
4840231131782331
4840231131758292
4840427131826120
4840427131841191
4840427131841252
4840425131959250
4840425131982251
4840425131932302
4841927132165330
4841927132176331
4841927132145402
4841916132213140
4841916132226 61
4841426132317150
4841426132356111
4841426132319162
4911516132714150
49115161327 8311
49115161327 4212
4911526132852270
4911526132840341
4911529132986310
4911529132990361
4911529132972382
4911536133079300
4911536133087391
4911536133059372
4910428133125240
4910428133163351
4910428133140322
4911734133283350
4911734133288381
4911734133247382
4910326133345280
4910326133363291
4910326133331322
4910415133738290
4910415133760341
4910415133727242
4910426133882260
4910426133888351
4910426133860332
4911227133932280
4911227133967341
4911227133946352
4911927134011220
4911927134069381
49119271340 8262
4920415134118 80
4920415134138251
4920517134221 80
4920517134221181
4920517134215122
4921432134331340
4921432134364381
4921432134350362
4921226134436230
4921226134467261
4921226134445362
4921229134585350
4921229134586361
4921229134580392
4920425134644210
4920425134672261
4920425134624222
4920720134758290
4920720134775261
4920720134739332
4920916134822120
4920916134810161
4920916134833192
4921429134925310
4921429134940341
4921429134961342
4921332135079340
4921332135086291
4920417135117 80
4920417135153271
4920417135126202
4921236135288390
4921236135290321
4921236135290382
4921229135374370
4921229135380351
4921229135385392
4921229135583360
4921229135584381
4921229135583382
5011928135724170
5011928135719181
5010633135813130
5010633135830131
5011727135961280
5011727135961301
5011727135957362
5011432136053320
5011432136078371
5011432136033372
5011633136122180
5011633136151251
5011633136116302
50119211362 7160
5010824136384320
5010824136387301
50114161364 5100
50114161364 9 71
5010724136542150
5010724136559241
5010724136533292
5011417136626110
5011417136635101
5010420136742180
5010420136738271
5011725136832300
5011725136838301
5010925136922140
5010925136921181
5010227137086220
5010227137088271
5011526137161201
5011526137118282
5010226137241220
5010226137229221
5010226137225252
5011824137322231
5011234137470270
5011234137483351
5011234137475382
5011227137571180
5011227137565331
5011533137627240
5011533137634241
5011533137623282
5011225137711150
5011225137729251
5011631137868290
5011631137887351
5011420137940200
5011420137938201
5010332138083260
5010332138089261
5010332138061362
5011530138170300
5011530138181331
5010224138213190
5010224138227161
5011415138313210
5011415138327191
5010421138455110
5010421138454251
5010421138420362
5011629138538140
50116291385 5231
5010422138670200
5010422138618232
5011726138731230
5011726138727181
5011219138862110
5011219138870151
5011232138965230
5011232138961321
5011514139018260
5011514139077291
5011514139075372
5010219139131190
5010219139138251
5010529139270281
5010420139325220
5010420139326151
5011526139479310
5011526139482271
5011724139521230
5011724139537261
5011930139636260
5011930139618101
5011234139789350
5011234139789371
5011234139782392
5011426139821270
5011426139848241
5011427139970340
5011427139976321
5011427139928372
5011621140019160
5011621140030191
5010418140125200
5010418140126161
5010621140240150
5010621140242151
