 1     -1 140.51
 1-0.7479 143.42
 1-0.4630 144.83
 1-0.1643 147.14
 1-0.0027 147.75
 1 0.2466 150.26
 1 0.5562 151.77
 1 0.7781 153.38
 1 0.9945 155.89
 2     -1 136.91
 2-0.7479 139.12
 2-0.4630 140.13
 2-0.1643 142.64
 2-0.0027 143.25
 2 0.2466   1446
 2 0.5562 145.87
 2 0.7781 146.88
 2 0.9945 148.39
 3     -1   1501
 3-0.7479 152.12
 3-0.4630 153.93
 3-0.1643 155.84
 3-0.0027   1565
 3 0.2466 156.96
 3 0.5562 157.47
 3 0.7781 159.18
 3 0.9945 160.69
 4     -1 155.71
 4-0.7479 158.72
 4-0.4630 160.63
 4-0.1643 163.34
 4-0.0027 164.45
 4 0.2466 167.36
 4 0.5562 170.77
 4 0.7781   1728
 4 0.9945 174.89
 5     -1 145.81
 5-0.7479 147.32
 5-0.4493 148.73
 5-0.1643149.784
 5-0.0027150.225
 5 0.2466 152.56
 5 0.5562 154.87
 5 0.7781 156.48
 5 0.9973 158.79
 6     -1 142.41
 6-0.7479 143.82
 6-0.4630 145.23
 6-0.1643 146.34
 6-0.0027 147.15
 6 0.2466 148.16
 6 0.5562 148.97
 6 0.7781 149.18
 6 0.9945   1519
 7     -1 141.31
 7-0.7479 142.42
 7-0.4493 144.33
 7-0.1643 145.24
 7      0 146.15
 7 0.2466 146.86
 7 0.5562 147.97
 7 0.7945 150.58
 7 0.9945 151.89
 8     -1 141.71
 8-0.7479 143.72
 8-0.4630 145.13
 8-0.1643 147.94
 8-0.0027 148.15
 8 0.2466 149.66
 8 0.5562150.997
 8 0.7945 154.18
 8 1.0055 154.99
 9     -1 132.71
 9-0.7479 134.12
 9-0.4493 135.33
 9-0.1643 136.64
 9-0.0027 137.55
 9 0.2466 139.16
 9 0.5562 140.97
 9 0.7945 143.78
 9 0.9945 144.79
10     -1 126.21
10-0.7479 128.22
10-0.4630   1293
10-0.1643 129.44
10-0.0027129.595
10 0.2466 130.66
10 0.5562 132.57
10 0.7781 133.48
10 0.9945 134.29
11     -1 142.51
11-0.7479 143.82
11-0.4630 145.63
11-0.1643 148.34
11-0.0027 149.45
11 0.2466 151.66
11 0.5562 154.87
11 0.7781 156.98
11 0.9945 159.29
12     -1 149.91
12-0.7479 151.72
12-0.4630 153.33
12-0.1643 156.14
12      0 156.75
12 0.2466 157.86
12 0.5562 160.77
12 0.7781 162.78
12 0.9945 163.89
13     -1 148.91
13-0.7150 149.82
13-0.4630 151.73
13-0.1643 154.44
13-0.0027 155.55
13 0.2466 156.46
13 0.5562 161.47
13 0.7781 163.98
13 0.9945 164.69
14     -1 151.61
14-0.7479 153.22
14-0.4630 155.23
14-0.1643 157.34
14      0 159.15
14 0.2466 160.96
14 0.5562 164.47
14 0.7781 166.98
14 0.9945 168.49
15     -1 137.51
15-0.7479 139.32
15-0.4630 140.93
15-0.1643 142.74
15-0.0027 144.25
15 0.2466 145.76
15 0.5562147.097
15 0.7781 150.28
15 0.9945 152.39
16     -1 142.81
16-0.7479 144.92
16-0.4630   1453
16-0.1643 146.74
16-0.0027 147.25
16 0.2466 148.96
16 0.5562 150.17
16 0.7781   1518
16 0.9945 152.29
17     -1 134.91
17-0.7479 137.42
17-0.4630 138.23
17-0.1643 140.24
17-0.0027 143.65
17 0.2466 144.26
17 0.5562 147.97
17 0.7781 150.38
17 0.9945 151.89
18     -1 145.51
18-0.7479 146.22
18-0.4630 148.23
18-0.1643 150.34
18-0.0027   1525
18 0.2466 152.36
18 0.5562 154.37
18 0.7781 156.28
18 0.9945 156.89
19     -1 156.91
19-0.7479 157.92
19-0.4630 160.33
19-0.1643 161.94
19      0 163.85
19 0.2466 165.56
19 0.5562 169.97
19 0.7781 172.48
19 0.9945 174.49
20     -1 146.51
20-0.7479 148.42
20-0.4630 149.33
20-0.1643 151.24
20-0.0027 152.15
20 0.2466 152.46
20 0.5562 153.97
20 0.7781 154.98
20 0.9945 155.49
21     -1 143.91
21-0.7479 145.12
21-0.4630   1473
21-0.1643 149.24
21-0.0027 149.85
21 0.2466 151.56
21 0.5562153.177
21 0.7781 156.98
21 0.9945 159.69
22     -1 147.41
22-0.7479 148.82
22-0.4630 150.13
22-0.1643 152.54
22-0.0027 154.75
22 0.2466   1566
22 0.5562 158.47
22 0.7781 161.58
22 0.9945 163.39
23     -1 144.51
23-0.7479   1462
23-0.4630 147.43
23-0.1643 149.24
23-0.0027 150.85
23 0.2466 152.56
23 0.5562   1557
23 0.7781 156.88
23 0.9945 158.89
24     -1 147.81
24-0.7479 148.22
24-0.4630 150.23
24-0.1643   1514
24-0.0027 152.25
24 0.2466 153.66
24 0.5562 155.87
24 0.7781 159.28
24 0.9945 161.69
25     -1 135.51
25-0.7479 136.62
25-0.4630 137.33
25-0.1643 138.24
25-0.0027   1395
25 0.2466 139.56
25 0.5562   1417
25 0.7808 142.78
25 0.9945 143.99
26     -1 132.21
26-0.7479 134.32
26-0.4630 135.13
26-0.1643 136.74
26-0.0027 138.45
26 0.2466 138.96
26 0.5562 141.87
26 0.7781 142.68
26 1.0055 143.19
